,global/iteration_time,global/total_time,global/total_steps,global/payoff_0,global/payoff_1,global/total_payoff
0,0.05146145820617676,0.05146145820617676,1000,246.93820190429688,302.9950256347656,549.9332275390625
1,0.05087447166442871,0.10233592987060547,2000,246.37025451660156,303.958251953125,550.3285064697266
2,0.052559852600097656,0.15489578247070312,3000,244.32962036132812,307.9922790527344,552.3218994140625
3,0.05096626281738281,0.20586204528808594,4000,244.6667022705078,306.80499267578125,551.4716949462891
4,0.0528261661529541,0.25868821144104004,5000,246.80905151367188,303.21722412109375,550.0262756347656
5,0.05146026611328125,0.3101484775543213,6000,246.344482421875,303.9996337890625,550.3441162109375
6,0.05108046531677246,0.36122894287109375,7000,247.13885498046875,302.6860656738281,549.8249206542969
7,0.05254244804382324,0.413771390914917,8000,247.55699157714844,301.9529724121094,549.5099639892578
8,0.05163168907165527,0.46540307998657227,9000,249.30149841308594,298.7391357421875,548.0406341552734
9,0.054070234298706055,0.5194733142852783,10000,250.37010192871094,297.1390075683594,547.5091094970703
10,0.051958322525024414,0.5714316368103027,11000,250.8099822998047,296.37786865234375,547.1878509521484
11,0.05140829086303711,0.6228399276733398,12000,250.40652465820312,297.0764465332031,547.4829711914062
12,0.053440093994140625,0.6762800216674805,13000,252.11151123046875,294.1109313964844,546.2224426269531
13,0.05103898048400879,0.7273190021514893,14000,251.9051055908203,294.4721374511719,546.3772430419922
14,0.05269622802734375,0.780015230178833,15000,252.62417602539062,293.4667053222656,546.0908813476562
15,0.05087113380432129,0.8308863639831543,16000,253.05628967285156,292.451904296875,545.5081939697266
16,0.05120658874511719,0.8820929527282715,17000,253.7440643310547,291.23638916015625,544.9804534912109
17,0.05270838737487793,0.9348013401031494,18000,254.8339080810547,288.95452880859375,543.7884368896484
18,0.05106949806213379,0.9858708381652832,19000,255.39190673828125,288.29754638671875,543.689453125
19,0.05335092544555664,1.0392217636108398,20000,255.99459838867188,287.189453125,543.1840515136719
20,0.051515817642211914,1.0907375812530518,21000,256.64306640625,286.0401611328125,542.6832275390625
21,0.05299043655395508,1.1437280178070068,22000,256.4472961425781,286.3950500488281,542.8423461914062
22,0.05143380165100098,1.1951618194580078,23000,257.11456298828125,285.1803283691406,542.2948913574219
23,0.05097341537475586,1.2461352348327637,24000,257.063720703125,285.2759704589844,542.3396911621094
24,0.05285906791687012,1.2989943027496338,25000,257.302490234375,284.84088134765625,542.1433715820312
25,0.05141568183898926,1.350409984588623,26000,258.5911560058594,282.3348083496094,540.9259643554688
26,0.0527191162109375,1.4031291007995605,27000,258.2455139160156,283.11553955078125,541.3610534667969
27,0.05135512351989746,1.454484224319458,28000,259.1952819824219,281.3606262207031,540.555908203125
28,0.05255270004272461,1.5070369243621826,29000,259.6353454589844,280.54327392578125,540.1786193847656
29,0.05158257484436035,1.558619499206543,30000,260.409423828125,279.09722900390625,539.5066528320312
30,0.05155611038208008,1.610175609588623,31000,260.29248046875,279.3164978027344,539.6089782714844
31,0.05337643623352051,1.6635520458221436,32000,261.39434814453125,277.2425842285156,538.6369323730469
32,0.051169633865356445,1.7147216796875,33000,261.96258544921875,276.1647033691406,538.1272888183594
33,0.05256915092468262,1.7672908306121826,34000,261.83892822265625,276.3998718261719,538.2388000488281
34,0.05120372772216797,1.8184945583343506,35000,262.46026611328125,275.215576171875,537.6758422851562
35,0.05113530158996582,1.8696298599243164,36000,262.74346923828125,274.6734924316406,537.4169616699219
36,0.0529026985168457,1.922532558441162,37000,262.5439453125,275.0557861328125,537.5997314453125
37,0.051226139068603516,1.9737586975097656,38000,263.0626220703125,274.06109619140625,537.1237182617188
38,0.05270266532897949,2.026461362838745,39000,263.90130615234375,272.4413757324219,536.3426818847656
39,0.05112409591674805,2.077585458755493,40000,264.5994567871094,271.08172607421875,535.6811828613281
40,0.05237770080566406,2.1299631595611572,41000,264.7166442871094,270.8962707519531,535.6129150390625
41,0.051139116287231445,2.1811022758483887,42000,265.255615234375,269.7967529296875,535.0523681640625
42,0.05086970329284668,2.2319719791412354,43000,265.7242431640625,268.8724365234375,534.5966796875
43,0.05197405815124512,2.2839460372924805,44000,266.75152587890625,266.8301696777344,533.5816955566406
44,0.05066490173339844,2.334610939025879,45000,267.5887145996094,265.1283264160156,532.717041015625
45,0.05216860771179199,2.386779546737671,46000,267.5155334472656,265.2958984375,532.8114318847656
46,0.0510556697845459,2.437835216522217,47000,268.0797424316406,264.1542663574219,532.2340087890625
47,0.05232954025268555,2.4901647567749023,48000,267.88922119140625,264.5419616699219,532.4311828613281
48,0.05099058151245117,2.5411553382873535,49000,268.23956298828125,263.8297424316406,532.0693054199219
49,0.05115246772766113,2.5923078060150146,50000,268.5413818359375,263.2148132324219,531.7561950683594
50,0.05232858657836914,2.644636392593384,51000,269.03271484375,262.2076416015625,531.2403564453125
51,0.05108165740966797,2.6957180500030518,52000,268.99420166015625,262.28790283203125,531.2821044921875
52,0.052520751953125,2.7482388019561768,53000,269.064453125,262.1435241699219,531.2079772949219
53,0.05104327201843262,2.7992820739746094,54000,269.50860595703125,261.25506591796875,530.763671875
54,0.050897836685180664,2.85017991065979,55000,269.81378173828125,260.59722900390625,530.4110107421875
55,0.05247950553894043,2.9026594161987305,56000,270.2271423339844,259.72747802734375,529.9546203613281
56,0.050978660583496094,2.9536380767822266,57000,270.1095275878906,259.9828186035156,530.0923461914062
57,0.05260324478149414,3.0062413215637207,58000,270.4106750488281,259.3551330566406,529.7658081054688
58,0.050995588302612305,3.057236909866333,59000,270.943115234375,258.2386474609375,529.1817626953125
59,0.05238676071166992,3.109623670578003,60000,271.217529296875,257.6602478027344,528.8777770996094
60,0.05115389823913574,3.1607775688171387,61000,271.3209228515625,257.4421081542969,528.7630310058594
61,0.051062822341918945,3.2118403911590576,62000,271.4061584472656,257.2618713378906,528.6680297851562
62,0.05228090286254883,3.2641212940216064,63000,271.4876403808594,257.08941650390625,528.5770568847656
63,0.05116748809814453,3.315288782119751,64000,271.77117919921875,256.49017333984375,528.2613525390625
64,0.0523073673248291,3.36759614944458,65000,272.26397705078125,255.43577575683594,527.6997528076172
65,0.05131101608276367,3.4189071655273438,66000,272.3804016113281,255.00990295410156,527.3903045654297
66,0.05111050605773926,3.470017671585083,67000,272.5081481933594,254.912109375,527.4202575683594
67,0.052606821060180664,3.5226244926452637,68000,272.6982727050781,254.50320434570312,527.2014770507812
68,0.05114316940307617,3.57376766204834,69000,272.8164367675781,254.24708557128906,527.0635223388672
69,0.052710771560668945,3.626478433609009,70000,272.8045959472656,254.27391052246094,527.0785064697266
70,0.051199913024902344,3.677678346633911,71000,272.9198303222656,254.02517700195312,526.9450073242188
71,0.051346778869628906,3.72902512550354,72000,273.3052978515625,253.18946838378906,526.4947662353516
72,0.05267333984375,3.78169846534729,73000,273.5188293457031,252.72535705566406,526.2441864013672
73,0.05104660987854004,3.83274507522583,74000,273.9519958496094,251.7783966064453,525.7303924560547
74,0.052532196044921875,3.885277271270752,75000,274.31842041015625,250.9727020263672,525.2911224365234
75,0.05109071731567383,3.936367988586426,76000,274.9980163574219,249.4662322998047,524.4642486572266
76,0.05221366882324219,3.988581657409668,77000,274.7756652832031,249.99716186523438,524.7728271484375
77,0.05115056037902832,4.039732217788696,78000,275.1390075683594,249.1505126953125,524.2895202636719
78,0.050935983657836914,4.090668201446533,79000,275.1283874511719,249.17567443847656,524.3040618896484
79,0.052510976791381836,4.143179178237915,80000,275.22845458984375,248.95196533203125,524.180419921875
80,0.051177024841308594,4.194356203079224,81000,275.49261474609375,248.39710998535156,523.8897247314453
81,0.052312374114990234,4.246668577194214,82000,275.6421813964844,248.02430725097656,523.6664886474609
82,0.05105900764465332,4.297727584838867,83000,276.138671875,246.90194702148438,523.0406188964844
83,0.05209827423095703,4.349825859069824,84000,276.6693115234375,245.69287109375,522.3621826171875
84,0.05126452445983887,4.401090383529663,85000,276.9941101074219,245.0113067626953,522.0054168701172
85,0.05251669883728027,4.453607082366943,86000,276.86773681640625,245.238037109375,522.1057739257812
86,0.05099654197692871,4.504603624343872,87000,277.20172119140625,244.46896362304688,521.6706848144531
87,0.05099987983703613,4.555603504180908,88000,277.12774658203125,244.6396484375,521.7673950195312
88,0.05275774002075195,4.60836124420166,89000,277.5832214355469,243.5850067138672,521.1682281494141
89,0.05134177207946777,4.659703016281128,90000,277.80328369140625,242.8968048095703,520.7000885009766
90,0.052616119384765625,4.7123191356658936,91000,278.12542724609375,242.3119659423828,520.4373931884766
91,0.05105447769165039,4.763373613357544,92000,277.9312744140625,242.77365112304688,520.7049255371094
92,0.05083441734313965,4.814208030700684,93000,278.4424133300781,241.5726776123047,520.0150909423828
93,0.052484750747680664,4.866692781448364,94000,278.43988037109375,241.57884216308594,520.0187225341797
94,0.050968170166015625,4.91766095161438,95000,278.98248291015625,240.2918701171875,519.2743530273438
95,0.05218815803527832,4.969849109649658,96000,279.0787353515625,239.85975646972656,518.9384918212891
96,0.051058292388916016,5.020907402038574,97000,279.45245361328125,239.15899658203125,518.6114501953125
97,0.05242323875427246,5.073330640792847,98000,279.38104248046875,239.33999633789062,518.7210388183594
98,0.05101966857910156,5.124350309371948,99000,279.582763671875,238.852783203125,518.435546875
99,0.05072355270385742,5.175073862075806,100000,279.9881286621094,237.87123107910156,517.8593597412109
100,0.05231952667236328,5.227393388748169,101000,280.0549621582031,237.70887756347656,517.7638397216797
101,0.05083036422729492,5.278223752975464,102000,280.1184997558594,237.55422973632812,517.6727294921875
102,0.05222892761230469,5.3304526805877686,103000,280.32623291015625,237.04693603515625,517.3731689453125
103,0.05100131034851074,5.381453990936279,104000,280.4566955566406,236.7272186279297,517.1839141845703
104,0.0522003173828125,5.433654308319092,105000,280.35614013671875,236.9738006591797,517.3299407958984
105,0.05091094970703125,5.484565258026123,106000,280.4860534667969,236.6552734375,517.1413269042969
106,0.05241131782531738,5.53697657585144,107000,280.8006591796875,236.04017639160156,516.8408355712891
107,0.05092978477478027,5.587906360626221,108000,280.92205810546875,235.44522094726562,516.3672790527344
108,0.05112314224243164,5.639029502868652,109000,280.9156188964844,235.60311889648438,516.5187377929688
109,0.05096697807312012,5.6899964809417725,110000,281.0415954589844,235.2906951904297,516.3322906494141
110,0.052567243576049805,5.742563724517822,111000,281.27154541015625,234.64166259765625,515.9132080078125
111,0.05115008354187012,5.793713808059692,112000,281.5428771972656,234.01429748535156,515.5571746826172
112,0.05257058143615723,5.84628438949585,113000,281.5056457519531,234.1612091064453,515.6668548583984
113,0.05136418342590332,5.897648572921753,114000,281.72576904296875,233.53643798828125,515.26220703125
114,0.0524907112121582,5.950139284133911,115000,282.0419006347656,232.7640380859375,514.8059387207031
115,0.05131030082702637,6.0014495849609375,116000,282.6172790527344,231.28993225097656,513.9072113037109
116,0.05103921890258789,6.052488803863525,117000,282.5665283203125,231.42901611328125,513.9955444335938
117,0.05280447006225586,6.105293273925781,118000,282.67913818359375,231.13067626953125,513.809814453125
118,0.051223039627075195,6.1565163135528564,119000,282.7916259765625,230.84347534179688,513.6351013183594
119,0.05256366729736328,6.20907998085022,120000,283.0946960449219,230.0651397705078,513.1598358154297
120,0.051279306411743164,6.260359287261963,121000,283.2537841796875,229.6283416748047,512.8821258544922
121,0.05253148078918457,6.3128907680511475,122000,283.4870910644531,229.41558837890625,512.9026794433594
122,0.05122733116149902,6.3641180992126465,123000,283.3340759277344,229.44647216796875,512.7805480957031
123,0.05121779441833496,6.4153358936309814,124000,283.60833740234375,228.72714233398438,512.3354797363281
124,0.052522897720336914,6.467858791351318,125000,283.6664123535156,228.57440185546875,512.2408142089844
125,0.05131363868713379,6.519172430038452,126000,283.91546630859375,227.91612243652344,511.8315887451172
126,0.05284857749938965,6.572021007537842,127000,284.1507263183594,227.2904052734375,511.4411315917969
127,0.05147242546081543,6.623493432998657,128000,284.1449279785156,227.3057861328125,511.4507141113281
128,0.05150341987609863,6.674996852874756,129000,284.39501953125,226.6366729736328,511.0316925048828
129,0.05138516426086426,6.72638201713562,130000,284.4527587890625,226.48162841796875,510.93438720703125
130,0.05275154113769531,6.779133558273315,131000,284.5954284667969,226.09738159179688,510.69281005859375
131,0.05142807960510254,6.830561637878418,132000,284.58978271484375,226.11276245117188,510.7025451660156
132,0.053089141845703125,6.883650779724121,133000,284.80023193359375,225.5427703857422,510.34300231933594
133,0.05141901969909668,6.935069799423218,134000,284.93902587890625,225.1785125732422,510.11753845214844
134,0.052652835845947266,6.987722635269165,135000,285.2539367675781,224.3050994873047,509.5590362548828
135,0.05125260353088379,7.038975238800049,136000,285.2845458984375,224.2208251953125,509.50537109375
136,0.051200151443481445,7.09017539024353,137000,285.477783203125,223.6883087158203,509.1660919189453
137,0.05271482467651367,7.142890214920044,138000,285.6390075683594,223.24191284179688,508.88092041015625
138,0.05130958557128906,7.194199800491333,139000,285.8393859863281,222.6840362548828,508.52342224121094
139,0.05265212059020996,7.246851921081543,140000,285.7323913574219,222.982421875,508.7148132324219
140,0.05117654800415039,7.298028469085693,141000,286.05426025390625,222.0596466064453,508.11390686035156
141,0.05283498764038086,7.350863456726074,142000,286.11285400390625,221.91757202148438,508.0304260253906
142,0.051640987396240234,7.4025044441223145,143000,286.10528564453125,221.93896484375,508.04425048828125
143,0.051410675048828125,7.453915119171143,144000,286.37579345703125,221.17466735839844,507.5504608154297
144,0.05263161659240723,7.50654673576355,145000,286.3236999511719,221.32244873046875,507.6461486816406
145,0.05126452445983887,7.557811260223389,146000,286.37042236328125,221.19021606445312,507.5606384277344
146,0.0526576042175293,7.610468864440918,147000,286.6373291015625,220.42835998535156,507.06568908691406
147,0.05132269859313965,7.661791563034058,148000,286.62457275390625,220.20175170898438,506.8263244628906
148,0.052457571029663086,7.714249134063721,149000,286.8087463378906,219.93890380859375,506.7476501464844
149,0.05146956443786621,7.765718698501587,150000,286.80010986328125,219.9637451171875,506.76385498046875
150,0.05120992660522461,7.8169286251068115,151000,286.9800109863281,219.4453582763672,506.4253692626953
151,0.05143332481384277,7.868361949920654,152000,286.97406005859375,219.46351623535156,506.4375762939453
152,0.05154132843017578,7.91990327835083,153000,287.0815734863281,218.7357635498047,505.8173370361328
153,0.05275726318359375,7.972660541534424,154000,287.2886657714844,218.54916381835938,505.83782958984375
154,0.0514521598815918,8.024112701416016,155000,287.35260009765625,218.3624267578125,505.71502685546875
155,0.05284881591796875,8.076961517333984,156000,287.55706787109375,217.7625732421875,505.31964111328125
156,0.05144238471984863,8.128403902053833,157000,287.6177062988281,217.61749267578125,505.2351989746094
157,0.05233311653137207,8.180737018585205,158000,287.87213134765625,216.83035278320312,504.7024841308594
158,0.05145096778869629,8.232187986373901,159000,287.7472229003906,217.20115661621094,504.94837951660156
159,0.05122494697570801,8.28341293334961,160000,287.8060302734375,217.02682495117188,504.8328552246094
160,0.05204916000366211,8.335462093353271,161000,288.0844421386719,216.19497680664062,504.2794189453125
161,0.04997515678405762,8.385437250137329,162000,288.12530517578125,216.07420349121094,504.1995086669922
162,0.05139565467834473,8.436832904815674,163000,288.11810302734375,216.09568786621094,504.2137908935547
163,0.050073862075805664,8.48690676689148,164000,288.2513732910156,215.6949920654297,503.9463653564453
164,0.05850505828857422,8.545411825180054,165000,288.2403869628906,215.72801208496094,503.96839904785156
165,0.050377607345581055,8.595789432525635,166000,288.3442687988281,215.23526000976562,503.57952880859375
166,0.05141878128051758,8.647208213806152,167000,288.4580078125,215.0699920654297,503.5279998779297
167,0.05040740966796875,8.697615623474121,168000,288.4490051269531,215.09725952148438,503.5462646484375
168,0.050262451171875,8.747878074645996,169000,288.4989318847656,214.94749450683594,503.44642639160156
169,0.05170774459838867,8.799585819244385,170000,288.5491638183594,214.7927703857422,503.34193420410156
170,0.05041050910949707,8.849996328353882,171000,288.7347717285156,214.22532653808594,502.96009826660156
171,0.051950693130493164,8.901947021484375,172000,288.72808837890625,214.24598693847656,502.9740753173828
172,0.05065417289733887,8.952601194381714,173000,288.7363586425781,213.69520568847656,502.4315643310547
173,0.05194258689880371,9.004543781280518,174000,288.90924072265625,213.68869018554688,502.5979309082031
174,0.05107426643371582,9.055618047714233,175000,289.171142578125,212.87644958496094,502.04759216308594
175,0.05078601837158203,9.106404066085815,176000,289.22967529296875,212.67864990234375,501.9083251953125
176,0.05204463005065918,9.158448696136475,177000,289.3464050292969,212.3280792236328,501.6744842529297
177,0.05080604553222656,9.209254741668701,178000,289.41839599609375,212.10198974609375,501.5203857421875
178,0.05039072036743164,9.259645462036133,179000,289.3799133300781,212.22328186035156,501.6031951904297
179,0.05178356170654297,9.311429023742676,180000,289.5624694824219,211.6471405029297,501.20960998535156
180,0.05050086975097656,9.361929893493652,181000,289.6280822753906,211.43936157226562,501.06744384765625
181,0.05207252502441406,9.414002418518066,182000,289.7625427246094,211.01077270507812,500.7733154296875
182,0.05034685134887695,9.464349269866943,183000,289.93511962890625,210.45875549316406,500.3938751220703
183,0.05197501182556152,9.516324281692505,184000,289.8604431152344,210.6984405517578,500.5588836669922
184,0.05052947998046875,9.566853761672974,185000,289.8848571777344,210.62026977539062,500.505126953125
185,0.052069664001464844,9.618923425674438,186000,289.9100036621094,210.5437469482422,500.45375061035156
186,0.05032014846801758,9.669243574142456,187000,290.0116271972656,210.2127685546875,500.2243957519531
187,0.05043506622314453,9.7196786403656,188000,290.1258544921875,209.84336853027344,499.96922302246094
188,0.05181264877319336,9.771491289138794,189000,290.0968017578125,209.9375457763672,500.0343475341797
189,0.05066990852355957,9.822161197662354,190000,290.16571044921875,209.71441650390625,499.880126953125
190,0.05184626579284668,9.8740074634552,191000,290.2637023925781,209.39768981933594,499.66139221191406
191,0.050487518310546875,9.924494981765747,192000,290.3939208984375,208.96995544433594,499.36387634277344
192,0.0517120361328125,9.97620701789856,193000,290.48333740234375,208.67636108398438,499.1596984863281
193,0.05068612098693848,10.026893138885498,194000,290.4706726074219,208.79466247558594,499.2653350830078
194,0.05051112174987793,10.077404260635376,195000,290.5445861816406,208.47474670410156,499.0193328857422
195,0.05206918716430664,10.129473447799683,196000,290.63385009765625,208.17971801757812,498.8135681152344
196,0.05040311813354492,10.179876565933228,197000,290.7610168457031,207.75733947753906,498.5183563232422
197,0.05182027816772461,10.231696844100952,198000,290.7972717285156,207.63648986816406,498.4337615966797
198,0.05053114891052246,10.282227993011475,199000,290.9130554199219,207.24742126464844,498.1604766845703
199,0.05179142951965332,10.334019422531128,200000,291.0547790527344,206.7720947265625,497.8268737792969
200,0.050611257553100586,10.384630680084229,201000,291.0191955566406,206.8924560546875,497.9116516113281
201,0.051599740982055664,10.436230421066284,202000,291.0555419921875,206.78012084960938,497.8356628417969
202,0.050537824630737305,10.486768245697021,203000,291.2754821777344,206.0230255126953,497.2985076904297
203,0.05069613456726074,10.537464380264282,204000,291.5411376953125,205.11077880859375,496.65191650390625
204,0.051836252212524414,10.589300632476807,205000,291.6580810546875,204.70562744140625,496.36370849609375
205,0.05070209503173828,10.640002727508545,206000,291.8309020996094,204.1019287109375,495.9328308105469
206,0.05098295211791992,10.690985679626465,207000,291.8706970214844,203.95794677734375,495.8286437988281
207,0.05081343650817871,10.741799116134644,208000,291.9276123046875,203.76206970214844,495.68968200683594
208,0.053108930587768555,10.794908046722412,209000,291.9567565917969,203.6591033935547,495.61585998535156
209,0.05084991455078125,10.845757961273193,210000,292.0646667480469,203.27716064453125,495.3418273925781
210,0.05239605903625488,10.898154020309448,211000,292.1787109375,202.87088012695312,495.0495910644531
211,0.05080389976501465,10.948957920074463,212000,292.237060546875,202.47569274902344,494.71275329589844
212,0.05185699462890625,11.00081491470337,213000,292.2078552246094,202.7666473388672,494.97450256347656
213,0.0505831241607666,11.051398038864136,214000,292.2120666503906,202.75204467773438,494.964111328125
214,0.051923274993896484,11.103321313858032,215000,292.3957214355469,202.09097290039062,494.4866943359375
215,0.050893545150756836,11.154214859008789,216000,292.46978759765625,201.8185272216797,494.28831481933594
216,0.0503997802734375,11.204614639282227,217000,292.40411376953125,202.0607452392578,494.46485900878906
217,0.05190396308898926,11.256518602371216,218000,292.55438232421875,201.5142059326172,494.06858825683594
218,0.050330400466918945,11.306849002838135,219000,292.5073547363281,201.6862335205078,494.19358825683594
219,0.05235767364501953,11.359206676483154,220000,292.5589599609375,201.49818420410156,494.05714416503906
220,0.050623178482055664,11.40982985496521,221000,292.5953674316406,201.36509704589844,493.96046447753906
221,0.05186319351196289,11.461693048477173,222000,292.7436828613281,200.82025146484375,493.5639343261719
222,0.05093097686767578,11.512624025344849,223000,292.6903991699219,200.63320922851562,493.3236083984375
223,0.051905155181884766,11.564529180526733,224000,292.78692626953125,200.6608123779297,493.44773864746094
224,0.05077767372131348,11.615306854248047,225000,292.8323974609375,200.49427795410156,493.32667541503906
225,0.050490617752075195,11.665797472000122,226000,292.9042663574219,200.22523498535156,493.12950134277344
226,0.05190873146057129,11.717706203460693,227000,292.9483337402344,200.06332397460938,493.01165771484375
227,0.05077219009399414,11.768478393554688,228000,293.07244873046875,199.5957489013672,492.66819763183594
228,0.05187368392944336,11.82035207748413,229000,293.13690185546875,199.35293579101562,492.4898376464844
229,0.05049777030944824,11.870849847793579,230000,293.20623779296875,199.09034729003906,492.2965850830078
230,0.05186033248901367,11.922710180282593,231000,293.32781982421875,198.6273956298828,491.95521545410156
231,0.05057334899902344,11.973283529281616,232000,293.490478515625,198.0024871826172,491.4929656982422
232,0.05174970626831055,12.025033235549927,233000,293.53955078125,197.81275939941406,491.35231018066406
233,0.050997018814086914,12.076030254364014,234000,293.6474609375,197.3927764892578,491.0402374267578
234,0.0507044792175293,12.126734733581543,235000,293.66552734375,197.32203674316406,490.98756408691406
235,0.050534725189208984,12.177269458770752,236000,293.72784423828125,197.07826232910156,490.8061065673828
236,0.05234575271606445,12.229615211486816,237000,293.7198486328125,197.1097869873047,490.8296356201172
237,0.05069613456726074,12.280311346054077,238000,293.7205810546875,197.10671997070312,490.8273010253906
238,0.05088067054748535,12.331192016601562,239000,293.74078369140625,197.0277557373047,490.76853942871094
239,0.05048084259033203,12.381672859191895,240000,293.87286376953125,196.5060272216797,490.37889099121094
240,0.05222511291503906,12.433897972106934,241000,293.8705139160156,196.51535034179688,490.3858642578125
241,0.050554513931274414,12.484452486038208,242000,293.84503173828125,196.616455078125,490.46148681640625
242,0.052123308181762695,12.53657579421997,243000,293.9220886230469,196.31089782714844,490.2329864501953
243,0.050473690032958984,12.58704948425293,244000,294.0316162109375,195.873291015625,489.9049072265625
244,0.052190542221069336,12.639240026473999,245000,294.0198974609375,195.9204559326172,489.9403533935547
245,0.050691843032836914,12.689931869506836,246000,294.1111145019531,195.55380249023438,489.6649169921875
246,0.05244159698486328,12.7423734664917,247000,294.08355712890625,195.6651611328125,489.74871826171875
247,0.05065655708312988,12.793030023574829,248000,294.14154052734375,195.43106079101562,489.5726013183594
248,0.05045890808105469,12.843488931655884,249000,294.17962646484375,195.27947998046875,489.4591064453125
249,0.05205035209655762,12.895539283752441,250000,294.1953125,195.213134765625,489.408447265625
250,0.0504307746887207,12.945970058441162,251000,294.2095031738281,195.15867614746094,489.36817932128906
251,0.052102088928222656,12.998072147369385,252000,294.3183898925781,194.71165466308594,489.03004455566406
252,0.05051422119140625,13.048586368560791,253000,294.3440246582031,194.42062377929688,488.7646484375
253,0.05185508728027344,13.100441455841064,254000,294.34906005859375,194.58596801757812,488.9350280761719
254,0.050457000732421875,13.150898456573486,255000,294.4537353515625,194.1543426513672,488.6080780029297
255,0.05184459686279297,13.20274305343628,256000,294.4123840332031,194.32525634765625,488.7376403808594
256,0.05069422721862793,13.253437280654907,257000,294.45263671875,194.1592254638672,488.6118621826172
257,0.05061841011047363,13.30405569076538,258000,294.5845947265625,193.61019897460938,488.1947937011719
258,0.052300453186035156,13.356356143951416,259000,294.5590515136719,193.71713256835938,488.27618408203125
259,0.05051827430725098,13.406874418258667,260000,294.7425537109375,192.94589233398438,487.6884460449219
260,0.051885366439819336,13.458759784698486,261000,294.6937561035156,193.1519317626953,487.84568786621094
261,0.051114797592163086,13.50987458229065,262000,294.804443359375,192.68069458007812,487.4851379394531
262,0.052202701568603516,13.562077283859253,263000,294.8575134277344,192.45672607421875,487.3142395019531
263,0.05055069923400879,13.612627983093262,264000,294.93157958984375,192.13922119140625,487.07080078125
264,0.05223250389099121,13.664860486984253,265000,294.9826354980469,191.9189910888672,486.90162658691406
265,0.05054283142089844,13.715403318405151,266000,294.99658203125,191.8589630126953,486.8555450439453
266,0.05192279815673828,13.76732611656189,267000,295.1217041015625,191.3127899169922,486.4344940185547
267,0.050658464431762695,13.817984580993652,268000,295.08282470703125,191.48455810546875,486.5673828125
268,0.05042457580566406,13.868409156799316,269000,295.189697265625,191.0164794921875,486.2061767578125
269,0.0518956184387207,13.920304775238037,270000,295.2088623046875,190.9319305419922,486.1407928466797
270,0.050670623779296875,13.970975399017334,271000,295.1852111816406,191.03640747070312,486.22161865234375
271,0.05029106140136719,14.021266460418701,272000,295.23004150390625,190.83912658691406,486.0691680908203
272,0.051969289779663086,14.073235750198364,273000,295.30975341796875,190.485595703125,485.79534912109375
273,0.05056190490722656,14.12379765510559,274000,295.4441223144531,190.59872436523438,486.0428466796875
274,0.05097603797912598,14.174773693084717,275000,295.3737487792969,190.20013427734375,485.5738830566406
275,0.050530195236206055,14.225303888320923,276000,295.33880615234375,190.35633850097656,485.6951446533203
276,0.05216050148010254,14.277464389801025,277000,295.4373474121094,189.91409301757812,485.3514404296875
277,0.05053520202636719,14.327999591827393,278000,295.41455078125,190.01734924316406,485.43190002441406
278,0.05201578140258789,14.38001537322998,279000,295.54632568359375,189.88026428222656,485.4265899658203
279,0.05091094970703125,14.430926322937012,280000,295.5317077636719,189.48814392089844,485.0198516845703
280,0.05256175994873047,14.483488082885742,281000,295.5424499511719,189.43931579589844,484.9817657470703
281,0.051223039627075195,14.534711122512817,282000,295.5406494140625,189.44912719726562,484.9897766113281
282,0.05211448669433594,14.586825609207153,283000,295.62548828125,189.06040954589844,484.68589782714844
283,0.051130056381225586,14.637955665588379,284000,295.65185546875,188.86985778808594,484.52171325683594
284,0.05074286460876465,14.688698530197144,285000,295.6978454589844,188.7275848388672,484.42543029785156
285,0.05235409736633301,14.741052627563477,286000,295.6875305175781,188.77493286132812,484.46246337890625
286,0.05080270767211914,14.791855335235596,287000,295.81182861328125,188.19808959960938,484.0099182128906
287,0.05217695236206055,14.844032287597656,288000,295.8400573730469,188.06581115722656,483.90586853027344
288,0.05101776123046875,14.895050048828125,289000,295.817626953125,188.18060302734375,483.99822998046875
289,0.0521700382232666,14.947220087051392,290000,295.84515380859375,188.04226684570312,483.8874206542969
290,0.05092906951904297,14.998149156570435,291000,295.90643310546875,187.7538299560547,483.66026306152344
291,0.05217456817626953,15.050323724746704,292000,295.9044494628906,187.76895141601562,483.67340087890625
292,0.05117940902709961,15.101503133773804,293000,296.0086669921875,187.2688751220703,483.2775421142578
293,0.0522921085357666,15.15379524230957,294000,295.9651794433594,187.47601318359375,483.4411926269531
294,0.051055192947387695,15.204850435256958,295000,296.0542297363281,187.04995727539062,483.10418701171875
295,0.05082082748413086,15.255671262741089,296000,296.04425048828125,187.09909057617188,483.1433410644531
296,0.05207538604736328,15.307746648788452,297000,296.0428466796875,187.10594177246094,483.14878845214844
297,0.05089735984802246,15.358644008636475,298000,296.0908508300781,186.88058471679688,482.971435546875
298,0.05237388610839844,15.411017894744873,299000,296.10711669921875,186.7971649169922,482.90428161621094
299,0.050821781158447266,15.46183967590332,300000,296.1839599609375,186.42466735839844,482.60862731933594
300,0.052117347717285156,15.513957023620605,301000,296.17095947265625,186.48814392089844,482.6591033935547
301,0.051016807556152344,15.564973831176758,302000,296.2467041015625,186.1183319091797,482.3650360107422
302,0.05231881141662598,15.617292642593384,303000,296.23541259765625,186.17413330078125,482.4095458984375
303,0.05130171775817871,15.668594360351562,304000,296.3428955078125,185.64366149902344,481.98655700683594
304,0.050820112228393555,15.719414472579956,305000,296.3696594238281,185.5117950439453,481.88145446777344
305,0.05229830741882324,15.77171277999878,306000,296.38604736328125,185.43052673339844,481.8165740966797
306,0.05092597007751465,15.822638750076294,307000,296.3829650878906,185.4465789794922,481.8295440673828
307,0.05248260498046875,15.875121355056763,308000,296.4089050292969,185.31658935546875,481.7254943847656
308,0.050756216049194336,15.925877571105957,309000,296.5033264160156,184.84234619140625,481.3456726074219
309,0.0521998405456543,15.978077411651611,310000,296.4700012207031,185.0103302001953,481.48033142089844
310,0.05113959312438965,16.029217004776,311000,296.4953918457031,184.8826141357422,481.3780059814453
311,0.05086660385131836,16.08008360862732,312000,296.5299987792969,184.7076416015625,481.2376403808594
312,0.05264759063720703,16.132731199264526,313000,296.5546569824219,184.5877227783203,481.1423797607422
313,0.050878047943115234,16.18360924720764,314000,296.5614013671875,184.54811096191406,481.10951232910156
314,0.05223870277404785,16.23584794998169,315000,296.5653991699219,184.5277862548828,481.0931854248047
315,0.05100727081298828,16.286855220794678,316000,296.5830383300781,184.4379425048828,481.02098083496094
316,0.05075550079345703,16.337610721588135,317000,296.638671875,184.15269470214844,480.79136657714844
317,0.05235743522644043,16.389968156814575,318000,296.655517578125,184.06585693359375,480.72137451171875
318,0.05105328559875488,16.44102144241333,319000,296.68511962890625,183.906494140625,480.59161376953125
319,0.052173614501953125,16.493195056915283,320000,296.7101135253906,183.78369140625,480.4938049316406
320,0.050924062728881836,16.544119119644165,321000,296.725830078125,183.7021942138672,480.4280242919922
321,0.05231356620788574,16.59643268585205,322000,296.72161865234375,183.7242431640625,480.44586181640625
322,0.051068782806396484,16.647501468658447,323000,296.7449035644531,183.602783203125,480.3476867675781
323,0.05248141288757324,16.69998288154602,324000,296.79705810546875,183.32981872558594,480.1268768310547
324,0.05133819580078125,16.7513210773468,325000,296.81982421875,183.2094268798828,480.0292510986328
325,0.05096864700317383,16.802289724349976,326000,296.8085632324219,183.2702178955078,480.0787811279297
326,0.05224466323852539,16.8545343875885,327000,296.86602783203125,182.96673583984375,479.832763671875
327,0.05104708671569824,16.9055814743042,328000,296.8814697265625,182.88465881347656,479.76612854003906
328,0.052381277084350586,16.95796275138855,329000,296.91021728515625,182.73175048828125,479.6419677734375
329,0.05082082748413086,17.00878357887268,330000,296.89849853515625,182.7940216064453,479.69252014160156
330,0.05215120315551758,17.0609347820282,331000,296.91302490234375,182.71702575683594,479.6300506591797
331,0.05112957954406738,17.112064361572266,332000,296.871337890625,182.45016479492188,479.3215026855469
332,0.05254936218261719,17.164613723754883,333000,296.9919128417969,182.29331970214844,479.2852325439453
333,0.05104398727416992,17.215657711029053,334000,297.013427734375,182.17724609375,479.190673828125
334,0.05213809013366699,17.26779580116272,335000,297.0348815917969,182.06100463867188,479.09588623046875
335,0.050997018814086914,17.318792819976807,336000,297.0225830078125,182.1307373046875,479.1533203125
336,0.05081653594970703,17.369609355926514,337000,297.0367431640625,182.0513153076172,479.0880584716797
337,0.05215620994567871,17.421765565872192,338000,297.08544921875,181.78550720214844,478.87095642089844
338,0.0508575439453125,17.472623109817505,339000,297.0603332519531,181.92262268066406,478.9829559326172
339,0.052167654037475586,17.52479076385498,340000,297.11688232421875,181.59170532226562,478.7085876464844
340,0.05106163024902344,17.575852394104004,341000,297.1019592285156,181.69552612304688,478.7974853515625
341,0.0523982048034668,17.62825059890747,342000,297.11077880859375,181.64682006835938,478.7575988769531
342,0.0510556697845459,17.679306268692017,343000,297.1537170410156,181.4103546142578,478.56407165527344
343,0.052515268325805664,17.731821537017822,344000,297.14031982421875,181.4846649169922,478.62498474121094
344,0.05092048645019531,17.782742023468018,345000,297.19390869140625,181.18753051757812,478.3814392089844
345,0.05202651023864746,17.834768533706665,346000,297.1822509765625,181.2523956298828,478.4346466064453
346,0.05106210708618164,17.885830640792847,347000,297.2485046386719,180.882568359375,478.1310729980469
347,0.05109262466430664,17.936923265457153,348000,297.28326416015625,180.68724060058594,477.9705047607422
348,0.05272102355957031,17.989644289016724,349000,297.2918701171875,180.63888549804688,477.9307556152344
349,0.05089688301086426,18.040541172027588,350000,297.33258056640625,180.4080810546875,477.74066162109375
350,0.05233883857727051,18.09288001060486,351000,297.34454345703125,180.30123901367188,477.6457824707031
351,0.0510406494140625,18.14392066001892,352000,297.3397216796875,180.36782836914062,477.7075500488281
352,0.05252337455749512,18.196444034576416,353000,297.41094970703125,179.95999145507812,477.3709411621094
353,0.05083298683166504,18.24727702140808,354000,297.4162902832031,179.9290313720703,477.34532165527344
354,0.05230998992919922,18.29958701133728,355000,297.43902587890625,179.78988647460938,477.2289123535156
355,0.0510103702545166,18.350597381591797,356000,297.46527099609375,179.645751953125,477.11102294921875
356,0.0508580207824707,18.401455402374268,357000,297.4472351074219,179.7506103515625,477.1978454589844
357,0.0523374080657959,18.453792810440063,358000,297.4542541503906,179.70968627929688,477.1639404296875
358,0.05101919174194336,18.504812002182007,359000,297.50811767578125,179.39381408691406,476.9019317626953
359,0.052361488342285156,18.557173490524292,360000,297.5030212402344,179.4256134033203,476.9286346435547
360,0.05093812942504883,18.60811161994934,361000,297.5447082519531,179.1809844970703,476.72569274902344
361,0.0513768196105957,18.659488439559937,362000,297.56256103515625,179.0754852294922,476.63804626464844
362,0.05110502243041992,18.710593461990356,363000,297.5505065917969,179.15013122558594,476.7006378173828
363,0.05232810974121094,18.762921571731567,364000,297.562255859375,179.07748413085938,476.6397399902344
364,0.05087399482727051,18.813795566558838,365000,297.6098937988281,178.79444885253906,476.4043426513672
365,0.05225038528442383,18.86604595184326,366000,297.62725830078125,178.6907958984375,476.31805419921875
366,0.05098581314086914,18.91703176498413,367000,297.6213684082031,178.72593688964844,476.34730529785156
367,0.05251502990722656,18.969546794891357,368000,297.63226318359375,178.6612548828125,476.29351806640625
368,0.051134347915649414,19.020681142807007,369000,297.6499328613281,178.55494689941406,476.2048797607422
369,0.05226302146911621,19.072944164276123,370000,297.706787109375,178.21157836914062,475.9183654785156
370,0.051256418228149414,19.124200582504272,371000,297.6954345703125,178.2803192138672,475.9757537841797
371,0.05230569839477539,19.176506280899048,372000,297.7402648925781,178.007568359375,475.7478332519531
372,0.05120420455932617,19.227710485458374,373000,297.7613525390625,177.8770294189453,475.6383819580078
373,0.05087757110595703,19.27858805656433,374000,297.739501953125,178.01255798339844,475.75205993652344
374,0.05224490165710449,19.330832958221436,375000,297.7730712890625,177.80679321289062,475.5798645019531
375,0.05098533630371094,19.381818294525146,376000,297.8218688964844,177.50506591796875,475.3269348144531
376,0.05240130424499512,19.43421959877014,377000,297.8381042480469,177.40423583984375,475.2423400878906
377,0.05093693733215332,19.485156536102295,378000,297.8634338378906,177.24417114257812,475.10760498046875
378,0.05221748352050781,19.537374019622803,379000,297.8421325683594,177.37936401367188,475.22149658203125
379,0.0510406494140625,19.588414669036865,380000,297.8533020019531,177.30955505371094,475.16285705566406
380,0.05252480506896973,19.640939474105835,381000,297.8739318847656,177.18055725097656,475.0544891357422
381,0.05108499526977539,19.69202446937561,382000,297.9167785644531,176.91012573242188,474.826904296875
382,0.052412986755371094,19.74443745613098,383000,297.9078674316406,176.9878387451172,474.8957061767578
383,0.05098319053649902,19.79542064666748,384000,297.9302062988281,176.82569885253906,474.7559051513672
384,0.05097198486328125,19.84639263153076,385000,297.94512939453125,176.73056030273438,474.6756896972656
385,0.05227398872375488,19.898666620254517,386000,297.9554748535156,176.66445922851562,474.61993408203125
386,0.0511171817779541,19.94978380203247,387000,298.0015869140625,176.36863708496094,474.37022399902344
387,0.05253911018371582,20.002322912216187,388000,297.97662353515625,176.52920532226562,474.5058288574219
388,0.05112648010253906,20.053449392318726,389000,297.99169921875,176.4326934814453,474.4243927001953
389,0.05223488807678223,20.105684280395508,390000,298.002197265625,176.3649139404297,474.3671112060547
390,0.051339149475097656,20.157023429870605,391000,298.012939453125,176.29591369628906,474.30885314941406
391,0.052356719970703125,20.20938014984131,392000,298.02337646484375,176.2279815673828,474.25135803222656
392,0.051275014877319336,20.260655164718628,393000,298.04217529296875,176.10719299316406,474.1493682861328
393,0.05246615409851074,20.31312131881714,394000,298.0657653808594,175.95211791992188,474.01788330078125
394,0.0514986515045166,20.364619970321655,395000,298.0798034667969,175.86032104492188,473.94012451171875
395,0.05115985870361328,20.41577982902527,396000,298.1236877441406,175.57113647460938,473.69482421875
396,0.05249905586242676,20.468278884887695,397000,298.10784912109375,175.67630004882812,473.7841491699219
397,0.05116868019104004,20.519447565078735,398000,298.1258239746094,175.5589599609375,473.6847839355469
398,0.05258679389953613,20.57203435897827,399000,298.1609191894531,175.32333374023438,473.4842529296875
399,0.05171084403991699,20.62374520301819,400000,298.1707763671875,175.25747680664062,473.4282531738281
400,0.052930355072021484,20.67667555809021,401000,298.15509033203125,175.3627471923828,473.51783752441406
401,0.05147361755371094,20.72814917564392,402000,298.1939697265625,175.1016845703125,473.295654296875
402,0.0528101921081543,20.780959367752075,403000,298.1864013671875,175.15521240234375,473.34161376953125
403,0.05135083198547363,20.83231019973755,404000,298.22418212890625,174.8971710205078,473.12135314941406
404,0.052654266357421875,20.88496446609497,405000,298.2013854980469,175.05184936523438,473.25323486328125
405,0.051598310470581055,20.93656277656555,406000,298.2397766113281,174.7913818359375,473.0311584472656
406,0.05167126655578613,20.988234043121338,407000,298.2528991699219,174.7024688720703,472.9553680419922
407,0.05157923698425293,21.03981328010559,408000,298.2499084472656,174.72262573242188,472.9725341796875
408,0.05304455757141113,21.092857837677002,409000,298.2586364746094,174.6629180908203,472.9215545654297
409,0.05180525779724121,21.144663095474243,410000,298.2676086425781,174.6014404296875,472.8690490722656
410,0.05301165580749512,21.19767475128174,411000,298.31591796875,174.26817321777344,472.58409118652344
411,0.0516510009765625,21.2493257522583,412000,298.31353759765625,174.28480529785156,472.5983428955078
412,0.05281853675842285,21.302144289016724,413000,298.36212158203125,173.94552612304688,472.3076477050781
413,0.051390886306762695,21.353535175323486,414000,298.3886413574219,173.7586212158203,472.1472625732422
414,0.05161404609680176,21.405149221420288,415000,298.3925476074219,173.73104858398438,472.12359619140625
415,0.052754878997802734,21.45790410041809,416000,298.3850402832031,173.78466796875,472.1697082519531
416,0.051546335220336914,21.509450435638428,417000,298.4013366699219,173.67494201660156,472.07627868652344
417,0.05300498008728027,21.562455415725708,418000,298.4459533691406,173.34848022460938,471.79443359375
418,0.05137228965759277,21.6138277053833,419000,298.4579162597656,173.26412963867188,471.7220458984375
419,0.052971601486206055,21.666799306869507,420000,298.47283935546875,173.1561279296875,471.62896728515625
420,0.05160164833068848,21.718400955200195,421000,298.48431396484375,173.0732879638672,471.55760192871094
421,0.05237221717834473,21.77077317237854,422000,298.47650146484375,173.130126953125,471.60662841796875
422,0.05091500282287598,21.821688175201416,423000,298.4845886230469,173.0714111328125,471.5559997558594
423,0.05209517478942871,21.873783349990845,424000,298.52813720703125,172.752685546875,471.28082275390625
424,0.05124950408935547,21.9250328540802,425000,298.5326843261719,172.86143493652344,471.3941192626953
425,0.050901174545288086,21.97593402862549,426000,298.54632568359375,172.61436462402344,471.1606903076172
426,0.05254030227661133,22.0284743309021,427000,298.5608825683594,172.5108642578125,471.0717468261719
427,0.05100703239440918,22.07948136329651,428000,298.57171630859375,172.429931640625,471.00164794921875
428,0.052655696868896484,22.132137060165405,429000,298.55743408203125,172.53665161132812,471.0940856933594
429,0.05113673210144043,22.183273792266846,430000,298.5653381347656,172.47784423828125,471.0431823730469
430,0.05282402038574219,22.236097812652588,431000,298.59539794921875,172.25323486328125,470.8486328125
431,0.051111698150634766,22.287209510803223,432000,298.5841064453125,172.33807373046875,470.92218017578125
432,0.052428245544433594,22.339637756347656,433000,298.5890197753906,172.30133056640625,470.8903503417969
433,0.05119824409484863,22.390836000442505,434000,298.62408447265625,172.03561401367188,470.6596984863281
434,0.05237174034118652,22.44320774078369,435000,298.61016845703125,172.14205932617188,470.7522277832031
435,0.05138874053955078,22.494596481323242,436000,298.6178894042969,172.08383178710938,470.70172119140625
436,0.05137276649475098,22.545969247817993,437000,298.6526184082031,171.8200225830078,470.47264099121094
437,0.05267620086669922,22.598645448684692,438000,298.66009521484375,171.76246643066406,470.4225616455078
438,0.05141043663024902,22.65005588531494,439000,298.6546325683594,171.8046875,470.4593200683594
439,0.053025245666503906,22.703081130981445,440000,298.74884033203125,171.6373748779297,470.38621520996094
440,0.051477909088134766,22.75455904006958,441000,298.6835021972656,171.5833282470703,470.26683044433594
441,0.05254697799682617,22.807106018066406,442000,298.7197265625,171.30206298828125,470.02178955078125
442,0.05131053924560547,22.85841655731201,443000,298.7321472167969,171.20465087890625,469.9367980957031
443,0.052886009216308594,22.91130256652832,444000,298.73931884765625,171.1487274169922,469.88804626464844
444,0.05131721496582031,22.96261978149414,445000,298.7463684082031,171.09259033203125,469.8389587402344
445,0.05257081985473633,23.015190601348877,446000,298.73541259765625,171.1793212890625,469.91473388671875
446,0.05142664909362793,23.066617250442505,447000,298.7501220703125,171.06309509277344,469.81321716308594
447,0.052632808685302734,23.119250059127808,448000,298.7508544921875,170.84617614746094,469.59703063964844
448,0.0515444278717041,23.17079448699951,449000,298.7813720703125,170.8096923828125,469.591064453125
449,0.051344871520996094,23.222139358520508,450000,298.7962951660156,170.69639587402344,469.49269104003906
450,0.052839040756225586,23.274978399276733,451000,298.8031005859375,170.64157104492188,469.4446716308594
451,0.051270246505737305,23.32624864578247,452000,298.7922058105469,170.7291259765625,469.5213317871094
452,0.052729129791259766,23.37897777557373,453000,298.8014221191406,170.6552734375,469.4566955566406
453,0.05135202407836914,23.4303297996521,454000,298.80816650390625,170.60089111328125,469.4090576171875
454,0.052668094635009766,23.48299789428711,455000,298.8126525878906,170.56488037109375,469.3775329589844
455,0.051354169845581055,23.53435206413269,456000,298.8240966796875,170.47262573242188,469.2967224121094
456,0.05269670486450195,23.587048768997192,457000,298.8527526855469,170.23892211914062,469.0916748046875
457,0.05141735076904297,23.638466119766235,458000,298.8593444824219,170.18496704101562,469.0443115234375
458,0.05292010307312012,23.691386222839355,459000,298.87158203125,170.05691528320312,468.9284973144531
459,0.05145573616027832,23.742841958999634,460000,298.8830261230469,169.98500061035156,468.86802673339844
460,0.05380439758300781,23.79664635658264,461000,298.8760070800781,170.0550994873047,468.9311065673828
461,0.05164837837219238,23.848294734954834,462000,298.8816223144531,170.00198364257812,468.88360595703125
462,0.05128931999206543,23.8995840549469,463000,298.9115295410156,169.75279235839844,468.66432189941406
463,0.05153989791870117,23.9511239528656,464000,298.89874267578125,169.8597869873047,468.75852966308594
464,0.051342010498046875,24.002465963363647,465000,298.9262390136719,169.6293487548828,468.5555877685547
465,0.052937984466552734,24.0554039478302,466000,298.9345703125,169.5592041015625,468.4937744140625
466,0.05144953727722168,24.106853485107422,467000,298.9239807128906,169.6485595703125,468.5725402832031
467,0.05294537544250488,24.159798860549927,468000,298.93023681640625,169.5959930419922,468.52622985839844
468,0.05148577690124512,24.211284637451172,469000,298.93438720703125,169.5611114501953,468.49549865722656
469,0.05270981788635254,24.263994455337524,470000,298.9613342285156,169.33253479003906,468.2938690185547
470,0.05164766311645508,24.31564211845398,471000,298.9673767089844,169.28054809570312,468.2479248046875
471,0.051546573638916016,24.367188692092896,472000,298.9569091796875,169.37013244628906,468.32704162597656
472,0.051433563232421875,24.418622255325317,473000,298.9670104980469,169.2841796875,468.2511901855469
473,0.05288386344909668,24.471506118774414,474000,298.9729919433594,169.23255920410156,468.20555114746094
474,0.051592350006103516,24.523098468780518,475000,298.9859924316406,169.0059356689453,467.99192810058594
475,0.05372452735900879,24.576822996139526,476000,299.0088806152344,168.9211883544922,467.93006896972656
476,0.05047869682312012,24.627301692962646,477000,298.9970703125,169.0281219482422,468.0251922607422
477,0.052039146423339844,24.679340839385986,478000,299.0026550292969,168.97695922851562,467.9796142578125
478,0.05044078826904297,24.72978162765503,479000,299.0284729003906,168.75184631347656,467.7803192138672
479,0.051845550537109375,24.78162717819214,480000,299.0379943847656,168.66830444335938,467.706298828125
480,0.0504450798034668,24.832072257995605,481000,299.0220031738281,168.8079833984375,467.8299865722656
481,0.05182957649230957,24.883901834487915,482000,299.03155517578125,168.7245635986328,467.75611877441406
482,0.050554752349853516,24.93445658683777,483000,299.0549621582031,168.5173797607422,467.5723419189453
483,0.05047869682312012,24.98493528366089,484000,299.0429382324219,168.62435913085938,467.66729736328125
484,0.05202150344848633,25.036956787109375,485000,299.0522155761719,168.54226684570312,467.594482421875
485,0.050495147705078125,25.087451934814453,486000,299.05419921875,168.52450561523438,467.5787048339844
486,0.0522615909576416,25.139713525772095,487000,299.0616455078125,168.45872497558594,467.52037048339844
487,0.05060458183288574,25.19031810760498,488000,299.08453369140625,168.25323486328125,467.3377685546875
488,0.052214860916137695,25.242532968521118,489000,299.074462890625,168.34451293945312,467.4189758300781
489,0.05070209503173828,25.293235063552856,490000,299.0781555175781,168.31063842773438,467.3887939453125
490,0.05230879783630371,25.34554386138916,491000,299.08544921875,168.2454071044922,467.3308563232422
491,0.050657033920288086,25.39620089530945,492000,299.093505859375,168.1806182861328,467.2741241455078
492,0.05227255821228027,25.44847345352173,493000,299.0964050292969,168.14712524414062,467.2435302734375
493,0.050872802734375,25.499346256256104,494000,299.1205139160156,167.92776489257812,467.04827880859375
494,0.0521390438079834,25.551485300064087,495000,299.12744140625,167.86355590820312,466.9909973144531
495,0.050788164138793945,25.60227346420288,496000,299.13604736328125,167.78468322753906,466.9207305908203
496,0.05240368843078613,25.654677152633667,497000,299.127685546875,167.86236572265625,466.99005126953125
497,0.050847768783569336,25.705524921417236,498000,299.1313781738281,167.82818603515625,466.9595642089844
498,0.05075263977050781,25.756277561187744,499000,299.1565246582031,167.5952911376953,466.75181579589844
499,0.05223894119262695,25.80851650238037,500000,299.16162109375,167.54759216308594,466.70921325683594
500,0.05071425437927246,25.859230756759644,501000,299.169921875,167.47027587890625,466.64019775390625
501,0.05186772346496582,25.91109848022461,502000,299.1600036621094,167.5627899169922,466.72279357910156
502,0.05048036575317383,25.961578845977783,503000,299.1635437011719,167.5299072265625,466.6934509277344
503,0.05201387405395508,26.01359272003174,504000,299.17181396484375,167.4534912109375,466.62530517578125
504,0.05077767372131348,26.06437039375305,505000,299.2502746582031,167.376953125,466.6272277832031
505,0.0519716739654541,26.116342067718506,506000,299.1267395019531,167.14712524414062,466.27386474609375
506,0.050554752349853516,26.16689682006836,507000,299.1332702636719,167.08590698242188,466.21917724609375
507,0.05219841003417969,26.21909523010254,508000,299.210205078125,167.025146484375,466.2353515625
508,0.05090761184692383,26.270002841949463,509000,299.20111083984375,167.1752471923828,466.37635803222656
509,0.05175900459289551,26.32176184654236,510000,299.1465759277344,166.9622039794922,466.10877990722656
510,0.05090594291687012,26.37266778945923,511000,299.2245788574219,166.8880615234375,466.1126403808594
511,0.05069303512573242,26.42336082458496,512000,299.1616516113281,166.8145294189453,465.97618103027344
512,0.051961421966552734,26.475322246551514,513000,299.23980712890625,166.74159240722656,465.9813995361328
513,0.050606727600097656,26.52592897415161,514000,299.23486328125,166.84869384765625,466.08355712890625
514,0.05236363410949707,26.57829260826111,515000,299.2547302246094,166.59693908691406,465.85166931152344
515,0.05042600631713867,26.628718614578247,516000,299.1923828125,166.51412963867188,465.7065124511719
516,0.051971435546875,26.680690050125122,517000,299.27044677734375,166.4429473876953,465.71339416503906
517,0.05036592483520508,26.731055974960327,518000,299.2652282714844,166.5505828857422,465.81581115722656
518,0.05246376991271973,26.783519744873047,519000,299.2805480957031,166.3397216796875,465.6202697753906
519,0.05068492889404297,26.83420467376709,520000,299.21514892578125,166.29505920410156,465.5102081298828
520,0.05210447311401367,26.886309146881104,521000,299.2937316894531,166.21145629882812,465.50518798828125
521,0.05079364776611328,26.937102794647217,522000,299.29058837890625,166.2958526611328,465.58644104003906
522,0.05182623863220215,26.98892903327942,523000,299.2323913574219,166.12501525878906,465.35740661621094
523,0.05060911178588867,27.039538145065308,524000,299.3105773925781,166.0421600341797,465.3527374267578
524,0.050431251525878906,27.089969396591187,525000,299.3769226074219,166.13739013671875,465.5143127441406
525,0.05236625671386719,27.142335653305054,526000,299.25164794921875,165.9286346435547,465.18028259277344
526,0.05070686340332031,27.193042516708374,527000,299.390625,166.00039672851562,465.3910217285156
527,0.050881385803222656,27.243923902511597,528000,299.39471435546875,165.95501708984375,465.3497314453125
528,0.050690412521362305,27.29461431503296,529000,299.340576171875,165.7351837158203,465.0757598876953
529,0.052093505859375,27.346707820892334,530000,299.3473205566406,165.66722106933594,465.01454162597656
530,0.050659894943237305,27.39736771583557,531000,299.3423156738281,165.7747802734375,465.1170959472656
531,0.05214571952819824,27.44951343536377,532000,299.4162292480469,165.7316131591797,465.14784240722656
532,0.050907135009765625,27.500420570373535,533000,299.36334228515625,165.5020294189453,464.86537170410156
533,0.05216693878173828,27.552587509155273,534000,299.4293518066406,165.5983428955078,465.02769470214844
534,0.050766944885253906,27.603354454040527,535000,299.3735656738281,165.39251708984375,464.7660827636719
535,0.052625179290771484,27.6559796333313,536000,299.3812561035156,165.31549072265625,464.6967468261719
536,0.05096030235290527,27.706939935684204,537000,299.3162841796875,165.26173400878906,464.57801818847656
537,0.05120086669921875,27.758140802383423,538000,299.3935241699219,165.18601989746094,464.5795440673828
538,0.050992727279663086,27.809133529663086,539000,299.39947509765625,165.1220245361328,464.52149963378906
539,0.05236458778381348,27.8614981174469,540000,299.4032287597656,165.07896423339844,464.48219299316406
540,0.05078315734863281,27.912281274795532,541000,299.3403015136719,165.0045166015625,464.3448181152344
541,0.05221152305603027,27.964492797851562,542000,299.4749755859375,165.11204528808594,464.58702087402344
542,0.05097842216491699,28.01547122001648,543000,299.47991943359375,165.0586700439453,464.53858947753906
543,0.05224609375,28.06771731376648,544000,299.3554992675781,164.84519958496094,464.20069885253906
544,0.05121588706970215,28.11893320083618,545000,299.3604431152344,164.79238891601562,464.15283203125
545,0.052411794662475586,28.171344995498657,546000,299.4231872558594,164.9231414794922,464.34632873535156
546,0.0511472225189209,28.222492218017578,547000,299.3671569824219,164.72293090820312,464.090087890625
547,0.05216836929321289,28.27466058731079,548000,299.44415283203125,164.63912963867188,464.0832824707031
548,0.050840139389038086,28.32550072669983,549000,299.5095520019531,164.737548828125,464.2471008300781
549,0.0520784854888916,28.37757921218872,550000,299.51513671875,164.67596435546875,464.19110107421875
550,0.05082893371582031,28.42840814590454,551000,299.3887023925781,164.48548889160156,463.8741912841797
551,0.05085897445678711,28.479267120361328,552000,299.3924255371094,164.44540405273438,463.83782958984375
552,0.05209779739379883,28.531364917755127,553000,299.45672607421875,164.55291748046875,464.0096435546875
553,0.05086374282836914,28.582228660583496,554000,299.400634765625,164.35443115234375,463.75506591796875
554,0.05241703987121582,28.634645700454712,555000,299.5348815917969,164.4512939453125,463.9861755371094
555,0.05086779594421387,28.685513496398926,556000,299.4695129394531,164.4108123779297,463.8803253173828
556,0.052202463150024414,28.73771595954895,557000,299.48199462890625,164.21351623535156,463.6955108642578
557,0.05085563659667969,28.78857159614563,558000,299.41766357421875,164.16278076171875,463.5804443359375
558,0.052155494689941406,28.84072709083557,559000,299.493896484375,164.0844268798828,463.5783233642578
559,0.05076289176940918,28.89148998260498,560000,299.4879150390625,164.2009735107422,463.6888885498047
560,0.05210423469543457,28.943594217300415,561000,299.4324645996094,163.99362182617188,463.42608642578125
561,0.050867319107055664,28.99446153640747,562000,299.56744384765625,164.08302307128906,463.6504669189453
562,0.05221986770629883,29.04668140411377,563000,299.5029296875,164.02491760253906,463.52784729003906
563,0.051004886627197266,29.097686290740967,564000,299.5066833496094,163.9842071533203,463.4908905029297
564,0.05243706703186035,29.150123357772827,565000,299.5234069824219,163.79989624023438,463.32330322265625
565,0.05100607872009277,29.20112943649292,566000,299.51580810546875,163.88861083984375,463.4044189453125
566,0.050672292709350586,29.25180172920227,567000,299.5325622558594,163.69241333007812,463.2249755859375
567,0.052417755126953125,29.304219484329224,568000,299.5225524902344,163.8101348876953,463.3326873779297
568,0.05084872245788574,29.35506820678711,569000,299.53912353515625,163.6158447265625,463.15496826171875
569,0.05223584175109863,29.407304048538208,570000,299.543212890625,163.56736755371094,463.11058044433594
570,0.050977230072021484,29.45828127861023,571000,299.534912109375,163.66529846191406,463.20021057128906
571,0.05216240882873535,29.510443687438965,572000,299.5504150390625,163.48170471191406,463.03211975097656
572,0.05113363265991211,29.561577320098877,573000,299.55157470703125,163.46728515625,463.01885986328125
573,0.05257844924926758,29.614155769348145,574000,299.5564880371094,163.4088592529297,462.96534729003906
574,0.05103015899658203,29.665185928344727,575000,299.5619201660156,163.34368896484375,462.9056091308594
575,0.05253243446350098,29.717718362808228,576000,299.55419921875,163.43710327148438,462.9913024902344
576,0.051139116287231445,29.76885747909546,577000,299.5580749511719,163.3896484375,462.9477233886719
577,0.05229783058166504,29.821155309677124,578000,299.5619812011719,163.3424530029297,462.90443420410156
578,0.051245689392089844,29.872400999069214,579000,299.58807373046875,163.2957000732422,462.88377380371094
579,0.05208611488342285,29.924487113952637,580000,299.57208251953125,163.10365295410156,462.6757354736328
580,0.051192522048950195,29.975679636001587,581000,299.5740051269531,163.19773864746094,462.77174377441406
581,0.05082106590270996,30.026500701904297,582000,299.59088134765625,162.99034118652344,462.5812225341797
582,0.052300453186035156,30.078801155090332,583000,299.5946044921875,162.9441680908203,462.5387725830078
583,0.051084041595458984,30.12988519668579,584000,299.5876159667969,163.03126525878906,462.61888122558594
584,0.052495479583740234,30.18238067626953,585000,299.6036071777344,162.83230590820312,462.4359130859375
585,0.05075550079345703,30.23313617706299,586000,299.6065368652344,162.79541015625,462.4019470214844
586,0.05267691612243652,30.285813093185425,587000,299.61083984375,162.74166870117188,462.3525085449219
587,0.05089998245239258,30.336713075637817,588000,299.61444091796875,162.69676208496094,462.3112030029297
588,0.05228900909423828,30.389002084732056,589000,299.6051330566406,162.813232421875,462.4183654785156
589,0.05084371566772461,30.43984580039978,590000,299.60723876953125,162.7872772216797,462.39451599121094
590,0.05205392837524414,30.491899728775024,591000,299.6227722167969,162.5908203125,462.2135925292969
591,0.05105853080749512,30.54295825958252,592000,299.626953125,162.53799438476562,462.1649475097656
592,0.05230140686035156,30.59525966644287,593000,299.6195068359375,162.6322021484375,462.251708984375
593,0.05125761032104492,30.646517276763916,594000,299.635009765625,162.42916870117188,462.0641784667969
594,0.052478790283203125,30.69899606704712,595000,299.6017150878906,162.38563537597656,461.9873504638672
595,0.05089545249938965,30.74989151954651,596000,299.6424865722656,162.33694458007812,461.97943115234375
596,0.05089759826660156,30.80078911781311,597000,299.6351318359375,162.432373046875,462.0675048828125
597,0.05254316329956055,30.85333228111267,598000,299.650634765625,162.23110961914062,461.8817443847656
598,0.05126333236694336,30.904595613479614,599000,299.6546630859375,162.17796325683594,461.83262634277344
599,0.05140113830566406,30.95599675178528,600000,299.6465148925781,162.28541564941406,461.9319305419922
600,0.05108237266540527,31.007079124450684,601000,299.64923095703125,162.24948120117188,461.8987121582031
601,0.05248546600341797,31.0595645904541,602000,299.6626281738281,162.0733184814453,461.73594665527344
602,0.0511775016784668,31.11074209213257,603000,299.66448974609375,162.04876708984375,461.7132568359375
603,0.05260872840881348,31.163350820541382,604000,299.6549377441406,162.1752166748047,461.8301544189453
604,0.05097842216491699,31.2143292427063,605000,299.6558532714844,162.16270446777344,461.8185577392578
605,0.0527958869934082,31.267125129699707,606000,299.6695251464844,161.98117065429688,461.65069580078125
606,0.05114626884460449,31.31827139854431,607000,299.66015625,162.10679626464844,461.76695251464844
607,0.05246710777282715,31.37073850631714,608000,299.6751403808594,161.90689086914062,461.58203125
608,0.05127716064453125,31.42201566696167,609000,299.6776123046875,161.8520965576172,461.5297088623047
609,0.052277326583862305,31.474292993545532,610000,299.6805725097656,161.95323181152344,461.63380432128906
610,0.05106377601623535,31.525356769561768,611000,299.6826477050781,161.76174926757812,461.44439697265625
611,0.05116558074951172,31.57652235031128,612000,299.6888122558594,161.72207641601562,461.410888671875
612,0.05118274688720703,31.627705097198486,613000,299.6808776855469,161.8292999267578,461.5101776123047
613,0.052649497985839844,31.680354595184326,614000,299.6839294433594,161.78790283203125,461.4718322753906
614,0.05125546455383301,31.73161005973816,615000,299.69732666015625,161.6055908203125,461.30291748046875
615,0.05264472961425781,31.784254789352417,616000,299.6900939941406,161.7055206298828,461.39561462402344
616,0.05122876167297363,31.83548355102539,617000,299.69305419921875,161.66477966308594,461.3578338623047
617,0.05247139930725098,31.88795495033264,618000,299.6954650878906,161.6314239501953,461.32688903808594
618,0.05084085464477539,31.938795804977417,619000,299.6979064941406,161.5981903076172,461.2960968017578
619,0.05231213569641113,31.991107940673828,620000,299.7012634277344,161.55072021484375,461.2519836425781
620,0.050902366638183594,32.04201030731201,621000,299.7030944824219,161.52560424804688,461.22869873046875
621,0.052242279052734375,32.094252586364746,622000,299.70599365234375,161.48634338378906,461.1923370361328
622,0.051366329193115234,32.14561891555786,623000,299.7088623046875,161.4465789794922,461.1554412841797
623,0.05252957344055176,32.19814848899841,624000,299.7115478515625,161.41357421875,461.1251220703125
624,0.05117535591125488,32.24932384490967,625000,299.720947265625,161.24237060546875,460.96331787109375
625,0.05221152305603027,32.3015353679657,626000,299.7150573730469,161.35768127441406,461.07273864746094
626,0.051290035247802734,32.3528254032135,627000,299.8008117675781,161.31103515625,461.1118469238281
627,0.05101442337036133,32.40383982658386,628000,299.73101806640625,161.13331604003906,460.8643341064453
628,0.052437782287597656,32.45627760887146,629000,299.7341613769531,161.0877227783203,460.82188415527344
629,0.05119681358337402,32.507474422454834,630000,299.7278137207031,161.17935180664062,460.90716552734375
630,0.05241537094116211,32.559889793395996,631000,299.740966796875,160.98983764648438,460.7308044433594
631,0.05120253562927246,32.61109232902527,632000,299.7332763671875,161.1011505126953,460.8344268798828
632,0.05289340019226074,32.66398572921753,633000,299.7463684082031,160.9107666015625,460.6571350097656
633,0.05119776725769043,32.71518349647522,634000,299.739013671875,161.01840209960938,460.7574157714844
634,0.05266594886779785,32.76784944534302,635000,299.74169921875,160.98001098632812,460.7217102050781
635,0.050928354263305664,32.81877779960632,636000,299.7518005371094,160.79075622558594,460.5425567626953
636,0.05257463455200195,32.871352434158325,637000,299.7569580078125,160.7556610107422,460.5126190185547
637,0.05133652687072754,32.92268896102905,638000,299.7586364746094,160.73155212402344,460.4901885986328
638,0.052590131759643555,32.975279092788696,639000,299.7615966796875,160.6870880126953,460.4486846923828
639,0.051078081130981445,33.02635717391968,640000,299.76373291015625,160.65591430664062,460.4196472167969
640,0.052478790283203125,33.07883596420288,641000,299.7646484375,160.64183044433594,460.40647888183594
641,0.051282644271850586,33.13011860847473,642000,299.75799560546875,160.74118041992188,460.4991760253906
642,0.0525515079498291,33.18267011642456,643000,299.76300048828125,160.6934051513672,460.45640563964844
643,0.051270246505737305,33.2339403629303,644000,299.7692565917969,160.5166015625,460.2858581542969
644,0.050928592681884766,33.28486895561218,645000,299.77532958984375,160.48135375976562,460.2566833496094
645,0.05252528190612793,33.33739423751831,646000,299.76849365234375,160.5838165283203,460.35231018066406
646,0.05119657516479492,33.388590812683105,647000,299.7701416015625,160.56004333496094,460.33018493652344
647,0.05261564254760742,33.44120645523071,648000,299.7826232910156,160.36924743652344,460.15187072753906
648,0.05114102363586426,33.49234747886658,649000,299.78546142578125,160.32615661621094,460.1116180419922
649,0.05262041091918945,33.54496788978577,650000,299.7874450683594,160.29566955566406,460.08311462402344
650,0.051070213317871094,33.59603810310364,651000,299.7880554199219,160.24923706054688,460.03729248046875
651,0.05284523963928223,33.64888334274292,652000,299.86541748046875,160.35150146484375,460.2169189453125
652,0.0513765811920166,33.70025992393494,653000,299.7857666015625,160.32205200195312,460.1078186035156
653,0.053323984146118164,33.753583908081055,654000,299.7880859375,160.28636169433594,460.07444763183594
654,0.051180124282836914,33.80476403236389,655000,299.7904052734375,160.2506103515625,460.041015625
655,0.052619218826293945,33.857383251190186,656000,299.7923278808594,160.22146606445312,460.0137939453125
656,0.05127549171447754,33.90865874290466,657000,299.8035888671875,160.04400634765625,459.84759521484375
657,0.05271148681640625,33.96137022972107,658000,299.8053894042969,160.01454162597656,459.81993103027344
658,0.05145120620727539,34.012821435928345,659000,299.80474853515625,159.97921752929688,459.7839660644531
659,0.052532196044921875,34.06535363197327,660000,299.9038391113281,160.07266235351562,459.97650146484375
660,0.05150914192199707,34.116862773895264,661000,299.8039245605469,160.03977966308594,459.8437042236328
661,0.05115151405334473,34.16801428794861,662000,299.8061218261719,160.0050048828125,459.8111267089844
662,0.05311322212219238,34.2211275100708,663000,299.8078918457031,159.97549438476562,459.78338623046875
663,0.051172733306884766,34.272300243377686,664000,299.8185729980469,159.8062286376953,459.6248016357422
664,0.05262923240661621,34.3249294757843,665000,299.8206787109375,159.7718963623047,459.5925750732422
665,0.05109524726867676,34.37602472305298,666000,299.8148193359375,159.8668975830078,459.6817169189453
666,0.05261421203613281,34.42863893508911,667000,299.8166809082031,159.83624267578125,459.6529235839844
667,0.051050424575805664,34.47968935966492,668000,299.9447021484375,159.80201721191406,459.74671936035156
668,0.0529170036315918,34.53260636329651,669000,299.8201599121094,159.78062438964844,459.6007843017578
669,0.05131387710571289,34.58392024040222,670000,299.83111572265625,159.60089111328125,459.4320068359375
670,0.053034305572509766,34.63695454597473,671000,299.8333740234375,159.56256103515625,459.39593505859375
671,0.0513758659362793,34.68833041191101,672000,299.83563232421875,159.5249786376953,459.36061096191406
672,0.05270957946777344,34.741039991378784,673000,299.8379211425781,159.488037109375,459.3259582519531
673,0.05098390579223633,34.79202389717102,674000,299.8398132324219,159.4552764892578,459.2950897216797
674,0.05217123031616211,34.84419512748718,675000,299.8416748046875,159.4222412109375,459.263916015625
675,0.050669193267822266,34.894864320755005,676000,299.8353576660156,159.5309295654297,459.3662872314453
676,0.05205583572387695,34.94692015647888,677000,299.8366394042969,159.50888061523438,459.34552001953125
677,0.050866127014160156,34.99778628349304,678000,299.8465881347656,159.34288024902344,459.18946838378906
678,0.051932334899902344,35.049718618392944,679000,299.8407897949219,159.44058227539062,459.2813720703125
679,0.05097246170043945,35.100691080093384,680000,299.84210205078125,159.4170684814453,459.25917053222656
680,0.05096912384033203,35.151660203933716,681000,299.8525390625,159.2409210205078,459.0934600830078
681,0.050896406173706055,35.20255661010742,682000,299.85382080078125,159.21878051757812,459.0726013183594
682,0.05229306221008301,35.254849672317505,683000,299.85577392578125,159.18194580078125,459.0377197265625
683,0.050635576248168945,35.305485248565674,684000,299.85797119140625,159.1483917236328,459.00636291503906
684,0.05234932899475098,35.357834577560425,685000,299.8518371582031,159.25479125976562,459.10662841796875
685,0.05079841613769531,35.40863299369812,686000,299.8533935546875,159.22694396972656,459.08033752441406
686,0.052310943603515625,35.460943937301636,687000,299.8629455566406,159.06150817871094,458.92445373535156
687,0.05102396011352539,35.51196789741516,688000,299.8556823730469,159.1873016357422,459.04298400878906
688,0.05251288414001465,35.564480781555176,689000,299.85711669921875,159.16209411621094,459.0192108154297
689,0.05100750923156738,35.61548829078674,690000,299.8663330078125,158.99896240234375,458.86529541015625
690,0.052344322204589844,35.66783261299133,691000,299.86077880859375,158.97283935546875,458.8336181640625
691,0.05073118209838867,35.71856379508972,692000,299.8699951171875,158.93809509277344,458.80809020996094
692,0.052205801010131836,35.77076959609985,693000,299.8639831542969,159.044677734375,458.9086608886719
693,0.05077052116394043,35.821540117263794,694000,299.8647766113281,159.02967834472656,458.8944549560547
694,0.05097222328186035,35.872512340545654,695000,299.8739013671875,158.86769104003906,458.74159240722656
695,0.05069136619567871,35.92320370674133,696000,299.8749694824219,158.84864807128906,458.72361755371094
696,0.05229616165161133,35.975499868392944,697000,299.8771057128906,158.8120880126953,458.68919372558594
697,0.0507359504699707,36.026235818862915,698000,299.8715515136719,158.91064453125,458.7821960449219
698,0.052310943603515625,36.07854676246643,699000,299.8730163574219,158.88389587402344,458.7569122314453
699,0.05110788345336914,36.1296546459198,700000,299.882080078125,158.7225799560547,458.6046600341797
700,0.05251193046569824,36.1821665763855,701000,299.8840026855469,158.68789672851562,458.5718994140625
701,0.050974130630493164,36.23314070701599,702000,299.87774658203125,158.7995147705078,458.67726135253906
702,0.05224490165710449,36.285385608673096,703000,299.87921142578125,158.77452087402344,458.6537322998047
703,0.050911903381347656,36.33629751205444,704000,299.8880310058594,158.61354064941406,458.50157165527344
704,0.05228400230407715,36.38858151435852,705000,299.88311767578125,158.71548461914062,458.5986022949219
705,0.051011085510253906,36.439592599868774,706000,299.8824157714844,158.68980407714844,458.5722198486328
706,0.05240797996520996,36.492000579833984,707000,299.88580322265625,158.65533447265625,458.5411376953125
707,0.05118441581726074,36.543184995651245,708000,299.8874206542969,158.6251983642578,458.5126190185547
708,0.05254006385803223,36.59572505950928,709000,299.88909912109375,158.59518432617188,458.4842834472656
709,0.05115175247192383,36.6468768119812,710000,299.89019775390625,158.57440185546875,458.464599609375
710,0.05241727828979492,36.699294090270996,711000,299.8984069824219,158.40505981445312,458.303466796875
711,0.05092883110046387,36.75022292137146,712000,299.8935241699219,158.5133056640625,458.4068298339844
712,0.05250239372253418,36.802725315093994,713000,299.89459228515625,158.49307250976562,458.3876647949219
713,0.051325082778930664,36.854050397872925,714000,299.8955993652344,158.4750213623047,458.37062072753906
714,0.050806283950805664,36.90485668182373,715000,299.904296875,158.3115692138672,458.2158660888672
715,0.052393436431884766,36.957250118255615,716000,299.89862060546875,158.4177703857422,458.31639099121094
716,0.05095338821411133,37.00820350646973,717000,299.9072570800781,158.25567626953125,458.1629333496094
717,0.05240011215209961,37.060603618621826,718000,299.90887451171875,158.22357177734375,458.1324462890625
718,0.05100440979003906,37.111608028411865,719000,299.9032897949219,158.329833984375,458.2331237792969
719,0.0523984432220459,37.16400647163391,720000,299.9118957519531,158.16680908203125,458.0787048339844
720,0.05095076560974121,37.21495723724365,721000,299.9133605957031,158.13833618164062,458.05169677734375
721,0.05232524871826172,37.267282485961914,722000,299.785888671875,158.1142578125,457.900146484375
722,0.050690650939941406,37.317973136901855,723000,299.9084777832031,158.23135375976562,458.13983154296875
723,0.05228471755981445,37.37025785446167,724000,299.90936279296875,158.21408081054688,458.1234436035156
724,0.051082611083984375,37.421340465545654,725000,299.9105529785156,158.1910400390625,458.1015930175781
725,0.05235695838928223,37.47369742393494,726000,299.91082763671875,158.1875457763672,458.09837341308594
726,0.051091670989990234,37.52478909492493,727000,299.93316650390625,158.1515655517578,458.08473205566406
727,0.05220437049865723,37.576993465423584,728000,299.92041015625,157.9991912841797,457.9196014404297
728,0.05120563507080078,37.628199100494385,729000,299.921875,157.97157287597656,457.89344787597656
729,0.05219721794128418,37.68039631843567,730000,299.91668701171875,158.0736541748047,457.99034118652344
730,0.051093101501464844,37.731489419937134,731000,299.92486572265625,157.91256713867188,457.8374328613281
731,0.052344322204589844,37.783833742141724,732000,299.9225769042969,157.88595581054688,457.80853271484375
732,0.05086112022399902,37.83469486236572,733000,299.92034912109375,158.0019989013672,457.92234802246094
733,0.05230283737182617,37.88699769973755,734000,299.9276123046875,157.85775756835938,457.7853698730469
734,0.05112934112548828,37.93812704086304,735000,299.9223327636719,157.96292114257812,457.88525390625
735,0.050940513610839844,37.98906755447388,736000,299.92340087890625,157.9405975341797,457.86399841308594
736,0.05235457420349121,38.04142212867737,737000,299.9255676269531,157.90975952148438,457.8353271484375
737,0.05091738700866699,38.092339515686035,738000,300.0479736328125,157.87974548339844,457.92771911621094
738,0.05247831344604492,38.14481782913208,739000,299.9273986816406,157.86093139648438,457.788330078125
739,0.051007747650146484,38.19582557678223,740000,299.9286193847656,157.8382568359375,457.7668762207031
740,0.052622079849243164,38.24844765663147,741000,299.9300842285156,157.80816650390625,457.7382507324219
741,0.051019906997680664,38.29946756362915,742000,299.9378967285156,157.64915466308594,457.58705139160156
742,0.05223870277404785,38.3517062664032,743000,299.917724609375,157.62619018554688,457.5439147949219
743,0.05061030387878418,38.40231657028198,744000,299.9338073730469,157.73312377929688,457.66693115234375
744,0.052254438400268555,38.45457100868225,745000,299.93505859375,157.70672607421875,457.64178466796875
745,0.050969600677490234,38.50554060935974,746000,299.9357604980469,157.6941375732422,457.62989807128906
746,0.05297660827636719,38.55851721763611,747000,299.9369812011719,157.66781616210938,457.60479736328125
747,0.05114626884460449,38.60966348648071,748000,299.9383850097656,157.63804626464844,457.57643127441406
748,0.05235600471496582,38.66201949119568,749000,299.9457702636719,157.48529052734375,457.4310607910156
749,0.05079030990600586,38.712809801101685,750000,299.94708251953125,157.45948791503906,457.4065704345703
750,0.052249908447265625,38.76505970954895,751000,299.9482116699219,157.43350219726562,457.3817138671875
751,0.05107998847961426,38.816139698028564,752000,299.9496154785156,157.40513610839844,457.35475158691406
752,0.05229663848876953,38.868436336517334,753000,299.9508056640625,157.3793182373047,457.3301239013672
753,0.0508732795715332,38.91930961608887,754000,299.94439697265625,157.48794555664062,457.4323425292969
754,0.05204939842224121,38.97135901451111,755000,299.95257568359375,157.3411407470703,457.29371643066406
755,0.05114459991455078,39.02250361442566,756000,299.95391845703125,157.31195068359375,457.265869140625
756,0.05085897445678711,39.073362588882446,757000,299.95526123046875,157.28392028808594,457.2391815185547
757,0.0523686408996582,39.125731229782104,758000,299.95654296875,157.25634765625,457.212890625
758,0.05094718933105469,39.17667841911316,759000,299.95697021484375,157.23109436035156,457.1880645751953
759,0.052520751953125,39.229199171066284,760000,299.95867919921875,157.21058654785156,457.1692657470703
760,0.05094456672668457,39.28014373779297,761000,299.9599304199219,157.18289184570312,457.142822265625
761,0.0526578426361084,39.33280158042908,762000,299.9612121582031,157.1554412841797,457.1166534423828
762,0.05117940902709961,39.38398098945618,763000,299.9624328613281,157.1273193359375,457.0897521972656
763,0.05262613296508789,39.436607122421265,764000,299.9576110839844,157.2347869873047,457.19239807128906
764,0.0509648323059082,39.48757195472717,765000,299.96435546875,157.08514404296875,457.04949951171875
765,0.05277681350708008,39.54034876823425,766000,299.9656066894531,157.05770874023438,457.0233154296875
766,0.051018714904785156,39.59136748313904,767000,299.9608459472656,157.16290283203125,457.1237487792969
767,0.05265641212463379,39.64402389526367,768000,299.96783447265625,157.00881958007812,456.9766540527344
768,0.05102705955505371,39.695050954818726,769000,299.962890625,157.11766052246094,457.08055114746094
769,0.05248069763183594,39.74753165245056,770000,299.8450012207031,156.9686279296875,456.8136291503906
770,0.050954580307006836,39.79848623275757,771000,299.9706115722656,156.9462432861328,456.91685485839844
771,0.05231022834777832,39.85079646110535,772000,299.96612548828125,157.04702758789062,457.0131530761719
772,0.05119061470031738,39.901987075805664,773000,299.97296142578125,156.892333984375,456.86529541015625
773,0.05103278160095215,39.953019857406616,774000,299.96856689453125,156.99557495117188,456.9641418457031
774,0.052321672439575195,40.00534152984619,775000,299.96917724609375,156.97142028808594,456.9405975341797
775,0.0507357120513916,40.05607724189758,776000,299.9703674316406,156.9519500732422,456.9223175048828
776,0.052495718002319336,40.1085729598999,777000,299.9710693359375,156.9353485107422,456.9064178466797
777,0.05112266540527344,40.159695625305176,778000,299.9722900390625,156.9088897705078,456.8811798095703
778,0.05270266532897949,40.212398290634155,779000,299.97344970703125,156.88336181640625,456.8568115234375
779,0.051004886627197266,40.26340317726135,780000,299.974365234375,156.85995483398438,456.8343200683594
780,0.052349090576171875,40.315752267837524,781000,299.98077392578125,156.71282958984375,456.693603515625
781,0.05091714859008789,40.36666941642761,782000,299.98150634765625,156.69692993164062,456.6784362792969
782,0.05248522758483887,40.41915464401245,783000,299.9823303222656,156.6775665283203,456.65989685058594
783,0.05108642578125,40.4702410697937,784000,299.9831237792969,156.6587371826172,456.64186096191406
784,0.05241990089416504,40.522660970687866,785000,299.9842529296875,156.63034057617188,456.6145935058594
785,0.050986289978027344,40.573647260665894,786000,299.9852294921875,156.6090850830078,456.5943145751953
786,0.05267024040222168,40.626317501068115,787000,299.980712890625,156.71498107910156,456.69569396972656
787,0.05137372016906738,40.67769122123718,788000,299.9870910644531,156.56442260742188,456.551513671875
788,0.05088686943054199,40.728578090667725,789000,299.9844055175781,156.66925048828125,456.6536560058594
789,0.05247044563293457,40.78104853630066,790000,299.9834899902344,156.65052795410156,456.63401794433594
790,0.0510711669921875,40.83211970329285,791000,299.98931884765625,156.51162719726562,456.5009460449219
791,0.05221843719482422,40.88433814048767,792000,299.9851989746094,156.6091766357422,456.59437561035156
792,0.05104351043701172,40.93538165092468,793000,299.9898986816406,156.46261596679688,456.4525146484375
793,0.05225634574890137,40.987637996673584,794000,299.9870300292969,156.56610107421875,456.5531311035156
794,0.05094313621520996,41.038581132888794,795000,299.9878234863281,156.54640197753906,456.5342254638672
795,0.052355051040649414,41.09093618392944,796000,299.99383544921875,156.40057373046875,456.3944091796875
796,0.05117368698120117,41.142109870910645,797000,299.99053955078125,156.5086669921875,456.49920654296875
797,0.05260062217712402,41.19471049308777,798000,299.99017333984375,156.49134826660156,456.4815216064453
798,0.05098986625671387,41.24570035934448,799000,299.99114990234375,156.46759033203125,456.458740234375
799,0.05255770683288574,41.29825806617737,800000,299.9967956542969,156.3281707763672,456.32496643066406
800,0.05114173889160156,41.34939980506897,801000,299.99261474609375,156.4319305419922,456.42454528808594
801,0.052419185638427734,41.4018189907074,802000,299.99334716796875,156.41445922851562,456.4078063964844
802,0.05111122131347656,41.452930212020874,803000,299.99420166015625,156.39256286621094,456.3867645263672
803,0.052317142486572266,41.505247354507446,804000,300.0,156.2490997314453,456.2490997314453
804,0.051156044006347656,41.556403398513794,805000,299.99652099609375,156.353271484375,456.34979248046875
805,0.05225396156311035,41.608657360076904,806000,299.9964294433594,156.33900451660156,456.33543395996094
806,0.05117297172546387,41.65983033180237,807000,299.99676513671875,156.32931518554688,456.3260803222656
807,0.05249905586242676,41.712329387664795,808000,299.9977722167969,156.30450439453125,456.3022766113281
808,0.050993919372558594,41.76332330703735,809000,300.0026550292969,156.16802978515625,456.1706848144531
809,0.05205965042114258,41.815382957458496,810000,299.998779296875,156.28082275390625,456.27960205078125
810,0.051007986068725586,41.86639094352722,811000,299.9993896484375,156.26321411132812,456.2626037597656
811,0.05227851867675781,41.91866946220398,812000,300.00494384765625,156.124267578125,456.12921142578125
812,0.05125308036804199,41.96992254257202,813000,300.0005187988281,156.2362060546875,456.2367248535156
813,0.05106806755065918,42.02099061012268,814000,300.0015563964844,156.21115112304688,456.21270751953125
814,0.05255699157714844,42.07354760169983,815000,300.0024719238281,156.18878173828125,456.1912536621094
815,0.05115485191345215,42.12470245361328,816000,300.0032653808594,156.16778564453125,456.1710510253906
816,0.05265188217163086,42.17735433578491,817000,300.0087585449219,156.02684020996094,456.0355987548828
817,0.050768136978149414,42.22812247276306,818000,300.00946044921875,156.00733947753906,456.0167999267578
818,0.052370548248291016,42.28049302101135,819000,300.0054931640625,156.11114501953125,456.11663818359375
819,0.05111360549926758,42.33160662651062,820000,300.0111999511719,155.96311950683594,455.9743194580078
820,0.052512407302856445,42.38411903381348,821000,300.01177978515625,155.9420166015625,455.95379638671875
821,0.050829410552978516,42.434948444366455,822000,300.0126953125,155.92422485351562,455.9369201660156
822,0.05251789093017578,42.48746633529663,823000,300.0087585449219,156.02755737304688,456.03631591796875
823,0.05114316940307617,42.53860950469971,824000,300.0142822265625,155.88267517089844,455.89695739746094
824,0.05255770683288574,42.59116721153259,825000,300.0149841308594,155.86224365234375,455.8772277832031
825,0.05113053321838379,42.64229774475098,826000,300.0157775878906,155.84304809570312,455.85882568359375
826,0.05259990692138672,42.69489765167236,827000,300.01654052734375,155.82200622558594,455.8385467529297
827,0.05111098289489746,42.74600863456726,828000,300.0172424316406,155.80213928222656,455.8193817138672
828,0.052377939224243164,42.798386573791504,829000,300.013671875,155.9040069580078,455.9176788330078
829,0.05123257637023926,42.84961915016174,830000,300.0140075683594,155.8896942138672,455.90370178222656
830,0.05250215530395508,42.9021213054657,831000,300.0148010253906,155.8682098388672,455.8830108642578
831,0.05099010467529297,42.95311141014099,832000,300.01568603515625,155.84661865234375,455.8623046875
832,0.052317142486572266,43.00542855262756,833000,300.0165100097656,155.8278350830078,455.84434509277344
833,0.05104494094848633,43.05647349357605,834000,300.0171203613281,155.8087158203125,455.8258361816406
834,0.05241203308105469,43.108885526657104,835000,300.0178527832031,155.78842163085938,455.8062744140625
835,0.05090928077697754,43.15979480743408,836000,300.0184631347656,155.7705078125,455.7889709472656
836,0.05230855941772461,43.21210336685181,837000,300.0235290527344,155.6280975341797,455.65162658691406
837,0.050852060317993164,43.2629554271698,838000,300.0198669433594,155.7314453125,455.7513122558594
838,0.05217933654785156,43.31513476371765,839000,300.0205078125,155.71392822265625,455.73443603515625
839,0.051145076751708984,43.36627984046936,840000,300.0257263183594,155.56967163085938,455.59539794921875
840,0.05085444450378418,43.417134284973145,841000,300.02203369140625,155.67393493652344,455.6959686279297
841,0.05214071273803711,43.46927499771118,842000,300.1371765136719,155.65707397460938,455.79425048828125
842,0.0508570671081543,43.520132064819336,843000,300.0274963378906,155.5192413330078,455.54673767089844
843,0.05237078666687012,43.572502851486206,844000,300.0278625488281,155.50973510742188,455.53759765625
844,0.051201820373535156,43.62370467185974,845000,300.0285949707031,155.48812866210938,455.5167236328125
845,0.052542924880981445,43.67624759674072,846000,300.02337646484375,155.5881805419922,455.61155700683594
846,0.0508875846862793,43.727135181427,847000,300.0256042480469,155.573486328125,455.5990905761719
847,0.05256938934326172,43.779704570770264,848000,300.0306396484375,155.43038940429688,455.4610290527344
848,0.05115032196044922,43.83085489273071,849000,300.0313415527344,155.4106903076172,455.44203186035156
849,0.05243110656738281,43.883285999298096,850000,300.03033447265625,155.3913116455078,455.42164611816406
850,0.051043033599853516,43.93432903289795,851000,300.02838134765625,155.49636840820312,455.5247497558594
851,0.05240345001220703,43.986732482910156,852000,300.0330810546875,155.3592529296875,455.392333984375
852,0.051171302795410156,44.037903785705566,853000,300.0295715332031,155.46249389648438,455.4920654296875
853,0.05251574516296387,44.09041953086853,854000,299.9737243652344,155.32778930664062,455.301513671875
854,0.05111837387084961,44.14153790473938,855000,300.0304260253906,155.43771362304688,455.4681396484375
855,0.05270695686340332,44.19424486160278,856000,300.03509521484375,155.3014373779297,455.33653259277344
856,0.05115199089050293,44.245396852493286,857000,300.03179931640625,155.40005493164062,455.4318542480469
857,0.052445411682128906,44.297842264175415,858000,299.9880676269531,155.262939453125,455.2510070800781
858,0.05118393898010254,44.34902620315552,859000,300.0329284667969,155.3671417236328,455.4000701904297
859,0.05263400077819824,44.401660203933716,860000,300.0335388183594,155.3477783203125,455.3813171386719
860,0.05123090744018555,44.4528911113739,861000,300.03411865234375,155.32977294921875,455.3638916015625
861,0.05267667770385742,44.50556778907776,862000,300.07196044921875,155.31146240234375,455.3834228515625
862,0.05121254920959473,44.55678033828735,863000,300.0353088378906,155.2953338623047,455.3306427001953
863,0.05272197723388672,44.60950231552124,864000,300.039794921875,155.16102600097656,455.20082092285156
864,0.051256418228149414,44.66075873374939,865000,300.0364685058594,155.2615509033203,455.2980194091797
865,0.052515506744384766,44.713274240493774,866000,300.04034423828125,155.1222381591797,455.16258239746094
866,0.051181793212890625,44.764456033706665,867000,300.03765869140625,155.22654724121094,455.2642059326172
867,0.05236244201660156,44.81681847572327,868000,300.0382385253906,155.2089080810547,455.2471466064453
868,0.05105423927307129,44.86787271499634,869000,300.0385437011719,155.198486328125,455.2370300292969
869,0.052215576171875,44.92008829116821,870000,300.01861572265625,155.05908203125,455.07769775390625
870,0.051245689392089844,44.9713339805603,871000,300.0436706542969,155.0430145263672,455.08668518066406
871,0.05100059509277344,45.022334575653076,872000,300.040283203125,155.14797973632812,455.1882629394531
872,0.05253481864929199,45.07486939430237,873000,300.0445556640625,155.01678466796875,455.06134033203125
873,0.05126214027404785,45.126131534576416,874000,300.0446472167969,154.99790954589844,455.0425567626953
874,0.052475929260253906,45.17860746383667,875000,300.04180908203125,155.10122680664062,455.1430358886719
875,0.0514068603515625,45.23001432418823,876000,300.0423278808594,155.08387756347656,455.12620544433594
876,0.05108046531677246,45.281094789505005,877000,300.0431213378906,155.06837463378906,455.1114959716797
877,0.05264401435852051,45.333738803863525,878000,300.04339599609375,155.05276489257812,455.0961608886719
878,0.0512232780456543,45.38496208190918,879000,300.0477600097656,154.91676330566406,454.9645233154297
879,0.05272817611694336,45.43769025802612,880000,300.04449462890625,155.01808166503906,455.0625762939453
880,0.0508267879486084,45.48851704597473,881000,300.0487060546875,154.88375854492188,454.9324645996094
881,0.05263161659240723,45.54114866256714,882000,300.04541015625,154.98745727539062,455.0328674316406
882,0.05121135711669922,45.59236001968384,883000,300.0459289550781,154.97540283203125,455.0213317871094
883,0.0530085563659668,45.645368576049805,884000,300.025634765625,154.8486328125,454.874267578125
884,0.051162004470825195,45.69653058052063,885000,300.046630859375,154.95159912109375,454.99822998046875
885,0.051954030990600586,45.74848461151123,886000,300.0472106933594,154.9337158203125,454.9809265136719
886,0.05053424835205078,45.79901885986328,887000,300.0486755371094,154.80210876464844,454.8507843017578
887,0.052049875259399414,45.85106873512268,888000,300.0481262207031,154.9038848876953,454.95201110839844
888,0.05077052116394043,45.90183925628662,889000,300.0523376464844,154.7688751220703,454.8212127685547
889,0.05237078666687012,45.95421004295349,890000,300.05255126953125,154.7515869140625,454.80413818359375
890,0.05075669288635254,46.004966735839844,891000,300.05328369140625,154.7366180419922,454.78990173339844
891,0.052280426025390625,46.057247161865234,892000,300.05377197265625,154.721435546875,454.77520751953125
892,0.05125546455383301,46.10850262641907,893000,300.0506896972656,154.82281494140625,454.8735046386719
893,0.05068778991699219,46.15919041633606,894000,300.0545654296875,154.69297790527344,454.74754333496094
894,0.05230522155761719,46.21149563789368,895000,300.0550842285156,154.67703247070312,454.73211669921875
895,0.05084824562072754,46.262343883514404,896000,300.0556640625,154.65916442871094,454.71482849121094
896,0.05239224433898926,46.314736127853394,897000,300.07611083984375,154.76089477539062,454.8370056152344
897,0.050658464431762695,46.365394592285156,898000,300.052978515625,154.74676513671875,454.79974365234375
898,0.052376508712768555,46.417771100997925,899000,300.0570068359375,154.61343383789062,454.6704406738281
899,0.05066180229187012,46.468432903289795,900000,300.0539855957031,154.71531677246094,454.76930236816406
900,0.05234169960021973,46.520774602890015,901000,300.057861328125,154.58358764648438,454.6414489746094
901,0.050766944885253906,46.57154154777527,902000,300.058349609375,154.56800842285156,454.62635803222656
902,0.052555084228515625,46.624096632003784,903000,300.05535888671875,154.66893005371094,454.7242889404297
903,0.05067873001098633,46.67477536201477,904000,300.05926513671875,154.53744506835938,454.5967102050781
904,0.052283287048339844,46.72705864906311,905000,300.05615234375,154.64236450195312,454.6985168457031
905,0.05079054832458496,46.777849197387695,906000,300.05657958984375,154.62997436523438,454.6865539550781
906,0.0521702766418457,46.83001947402954,907000,300.0568542480469,154.6199188232422,454.67677307128906
907,0.05088973045349121,46.88090920448303,908000,300.0570373535156,154.61241149902344,454.66944885253906
908,0.052194833755493164,46.933104038238525,909000,300.060791015625,154.48275756835938,454.5435485839844
909,0.05092883110046387,46.98403286933899,910000,300.0577392578125,154.58241271972656,454.64015197753906
910,0.052315473556518555,47.03634834289551,911000,300.06170654296875,154.45175170898438,454.5134582519531
911,0.050881385803222656,47.08722972869873,912000,300.058837890625,154.55274963378906,454.61158752441406
912,0.0528409481048584,47.14007067680359,913000,300.0624694824219,154.42230224609375,454.4847717285156
913,0.05158376693725586,47.191654443740845,914000,300.0629577636719,154.40728759765625,454.4702453613281
914,0.05320167541503906,47.244856119155884,915000,300.06005859375,154.5087432861328,454.5688018798828
915,0.05089139938354492,47.29574751853943,916000,300.0605163574219,154.49485778808594,454.5553741455078
916,0.052260398864746094,47.348007917404175,917000,300.0641174316406,154.36500549316406,454.4291229248047
917,0.05089545249938965,47.398903369903564,918000,300.06463623046875,154.34915161132812,454.4137878417969
918,0.05251741409301758,47.45142078399658,919000,300.0650329589844,154.33438110351562,454.3994140625
919,0.05085015296936035,47.50227093696594,920000,300.0653076171875,154.3241424560547,454.3894500732422
920,0.05220937728881836,47.55448031425476,921000,300.0657958984375,154.30686950683594,454.37266540527344
921,0.05123424530029297,47.605714559555054,922000,300.0629577636719,154.40859985351562,454.4715576171875
922,0.052636146545410156,47.658350706100464,923000,300.0660095214844,154.27938842773438,454.34539794921875
923,0.051052093505859375,47.70940279960632,924000,300.06689453125,154.2653045654297,454.3321990966797
924,0.05242562294006348,47.76182842254639,925000,300.0641174316406,154.3677215576172,454.4318389892578
925,0.05097365379333496,47.81280207633972,926000,300.06451416015625,154.35472106933594,454.4192352294922
926,0.05267691612243652,47.86547899246216,927000,300.0679016113281,154.2294921875,454.2973937988281
927,0.05131387710571289,47.91679286956787,928000,300.068359375,154.21205139160156,454.28041076660156
928,0.052379608154296875,47.96917247772217,929000,300.06878662109375,154.1974639892578,454.26625061035156
929,0.05100369453430176,48.02017617225647,930000,300.06915283203125,154.1846466064453,454.25379943847656
930,0.05205273628234863,48.07222890853882,931000,300.06951904296875,154.1697998046875,454.23931884765625
931,0.05130767822265625,48.123536586761475,932000,300.0668029785156,154.27102661132812,454.33782958984375
932,0.050937652587890625,48.174474239349365,933000,300.0700988769531,154.14791870117188,454.218017578125
933,0.05250072479248047,48.226974964141846,934000,300.06719970703125,154.25355529785156,454.3207550048828
934,0.050948381423950195,48.277923345565796,935000,300.07061767578125,154.13092041015625,454.2015380859375
935,0.05239129066467285,48.33031463623047,936000,300.0473937988281,154.1149444580078,454.16233825683594
936,0.05069470405578613,48.381009340286255,937000,300.0713195800781,154.1021728515625,454.1734924316406
937,0.05229544639587402,48.43330478668213,938000,300.0717468261719,154.08718872070312,454.158935546875
938,0.05100584030151367,48.48431062698364,939000,300.0720520019531,154.07498168945312,454.14703369140625
939,0.05213737487792969,48.53644800186157,940000,300.07232666015625,154.0639190673828,454.13624572753906
940,0.051142215728759766,48.58759021759033,941000,300.06964111328125,154.1639404296875,454.23358154296875
941,0.052666425704956055,48.64025664329529,942000,300.0728454589844,154.03553771972656,454.10838317871094
942,0.05106830596923828,48.691324949264526,943000,300.0733642578125,154.02413940429688,454.0975036621094
943,0.052466392517089844,48.743791341781616,944000,300.07086181640625,154.12367248535156,454.1945343017578
944,0.05090761184692383,48.79469895362854,945000,300.0741271972656,153.99591064453125,454.0700378417969
945,0.052353858947753906,48.847052812576294,946000,300.0714111328125,154.09744262695312,454.1688537597656
946,0.05114269256591797,48.89819550514221,947000,300.0747375488281,153.96942138671875,454.0441589355469
947,0.0522308349609375,48.95042634010315,948000,300.07220458984375,154.07130432128906,454.1435089111328
948,0.050933122634887695,49.00135946273804,949000,300.0517883300781,153.9447021484375,453.9964904785156
949,0.0523066520690918,49.05366611480713,950000,300.0757141113281,153.93304443359375,454.0087585449219
950,0.05169820785522461,49.10536432266235,951000,300.0732116699219,154.03294372558594,454.1061553955078
951,0.052793025970458984,49.15815734863281,952000,300.07635498046875,153.9065704345703,453.98292541503906
952,0.05130910873413086,49.20946645736694,953000,300.0766906738281,153.89395141601562,453.97064208984375
953,0.05273270606994629,49.26219916343689,954000,300.0769958496094,153.8809051513672,453.95790100097656
954,0.05127978324890137,49.31347894668579,955000,300.07708740234375,153.86807250976562,453.9451599121094
955,0.05253148078918457,49.366010427474976,956000,300.07757568359375,153.85641479492188,453.9339904785156
956,0.0510714054107666,49.41708183288574,957000,300.0751037597656,153.9578857421875,454.0329895019531
957,0.05250287055969238,49.469584703445435,958000,300.0753173828125,153.9479217529297,454.0232391357422
958,0.05141758918762207,49.52100229263306,959000,300.0784606933594,153.82437133789062,453.90283203125
959,0.052644968032836914,49.573647260665894,960000,300.0759582519531,153.92333984375,453.9992980957031
960,0.05149960517883301,49.62514686584473,961000,300.07635498046875,153.91064453125,453.98699951171875
961,0.05237555503845215,49.67752242088318,962000,300.09930419921875,153.89772033691406,453.9970245361328
962,0.05067300796508789,49.72819542884827,963000,300.0796813964844,153.7726593017578,453.8523406982422
963,0.05206465721130371,49.78026008605957,964000,300.0772705078125,153.8726806640625,453.949951171875
964,0.05099892616271973,49.83125901222229,965000,300.07745361328125,153.86141967773438,453.9388732910156
965,0.051844120025634766,49.883103132247925,966000,300.0804748535156,153.73983764648438,453.8203125
966,0.050961971282958984,49.934065103530884,967000,300.0808410644531,153.7251434326172,453.8059844970703
967,0.052072763442993164,49.98613786697388,968000,300.0783386230469,153.82461547851562,453.9029541015625
968,0.0508272647857666,50.036965131759644,969000,300.08135986328125,153.70237731933594,453.7837371826172
969,0.05231809616088867,50.08928322792053,970000,300.0790710449219,153.80067443847656,453.87974548339844
970,0.05115079879760742,50.14043402671814,971000,300.0819396972656,153.6764678955078,453.75840759277344
971,0.052294015884399414,50.19272804260254,972000,300.0822448730469,153.66539001464844,453.7476348876953
972,0.051132917404174805,50.243860960006714,973000,300.0824890136719,153.65582275390625,453.7383117675781
973,0.05204510688781738,50.29590606689453,974000,300.08270263671875,153.6472930908203,453.72999572753906
974,0.05099201202392578,50.34689807891846,975000,300.08013916015625,153.7488250732422,453.82896423339844
975,0.051848649978637695,50.398746728897095,976000,300.08038330078125,153.74078369140625,453.8211669921875
976,0.05135083198547363,50.45009756088257,977000,300.0833435058594,153.61883544921875,453.7021789550781
977,0.0521855354309082,50.50228309631348,978000,300.06060791015625,153.60528564453125,453.6658935546875
978,0.051062822341918945,50.553345918655396,979000,300.08123779296875,153.70748901367188,453.7887268066406
979,0.052378177642822266,50.60572409629822,980000,300.0841369628906,153.5834197998047,453.6675567626953
980,0.05097222328186035,50.65669631958008,981000,300.08441162109375,153.57168579101562,453.6560974121094
981,0.05238938331604004,50.70908570289612,982000,300.08209228515625,153.6709747314453,453.75306701660156
982,0.05119752883911133,50.76028323173523,983000,300.0848083496094,153.548095703125,453.6329040527344
983,0.05078768730163574,50.811070919036865,984000,300.0851745605469,153.53709411621094,453.6222686767578
984,0.05222463607788086,50.863295555114746,985000,300.0828552246094,153.6394500732422,453.72230529785156
985,0.050926923751831055,50.91422247886658,986000,300.08612060546875,153.62757873535156,453.7136993408203
986,0.05224442481994629,50.96646690368652,987000,300.0858459472656,153.50816345214844,453.59400939941406
987,0.051032066345214844,51.01749897003174,988000,300.08612060546875,153.49624633789062,453.5823669433594
988,0.05234670639038086,51.06984567642212,989000,300.1388244628906,153.5941162109375,453.7329406738281
989,0.05099129676818848,51.12083697319031,990000,300.0841369628906,153.58460998535156,453.6687469482422
990,0.05255413055419922,51.17339110374451,991000,300.08447265625,153.5729217529297,453.6573944091797
991,0.05101442337036133,51.22440552711487,992000,300.087158203125,153.4523468017578,453.5395050048828
992,0.05087780952453613,51.275283336639404,993000,300.08740234375,153.4405517578125,453.5279541015625
993,0.052490234375,51.327773571014404,994000,300.08563232421875,153.5386962890625,453.62432861328125
994,0.050667524337768555,51.37844109535217,995000,300.08551025390625,153.52828979492188,453.6138000488281
995,0.05233407020568848,51.43077516555786,996000,300.0881652832031,153.40623474121094,453.49440002441406
996,0.05074119567871094,51.48151636123657,997000,300.0882873535156,153.39576721191406,453.4840545654297
997,0.052318572998046875,51.53383493423462,998000,300.0885925292969,153.3863067626953,453.4748992919922
998,0.050889015197753906,51.58472394943237,999000,300.08636474609375,153.48434448242188,453.5707092285156
999,0.05251765251159668,51.63724160194397,1000000,300.0866394042969,153.47486877441406,453.56150817871094
